1dpi.up.csv	"25"	"gene-FOXG_10748"	1535.37401633617	4.92064939562528	0.194040819856105	25.3588363483224	7.18018464320657e-142	3.56223320518764e-139	549.24344472328	682.843409683478	550.323321811538	1126.9162536374	716.590591648423	752.582058316002	1465.79864777262	1600.1191966314	1518.38788526586	3886.26512426917	4622.18013267142	3984.72427257225	19.4158603777416	19.8460293257651
1dpi.up.csv	"32"	"gene-FOXG_10800"	573.940005500222	7.54803888723773	0.319188583433993	23.6475841523907	1.24984017854877e-123	4.84430241704387e-121	513.971198479097	535.068983095475	588.01050868929	729.486023883643	528.12266836608	851.36876883757	514.428583323494	426.139253593453	469.728330097864	964.642066374324	856.998206310014	1050.90191686364	1.67318906803597	4.62038002112851
1dpi.up.csv	"43"	"gene-FOXG_12989"	216.092632024424	9.36217736394098	0.431693230033589	21.6871072154931	2.71533600607938e-104	7.83216569381456e-102	275.77480664242	265.977854084648	340.187973896589	292.95233527342	212.79891617478	294.589105402884	148.66960252625	159.327068285718	222.128688880749	345.375034857299	254.228837390847	212.286969988467	0.364050986143936	0.635603951725519
1dpi.up.csv	"45"	"gene-FOXG_17428"	154.975160118304	8.53105846164705	0.396518371462748	21.5149134961292	1.12889765023158e-102	3.11149279018272e-100	197.57420175018	184.204546117488	269.64919775298	353.878065886909	332.508018639305	302.634948446841	73.4709157660886	79.6807056956482	73.3263412916863	126.368886051751	102.330066284107	73.0217280247105	0.733999796416207	0.270620152147489
1dpi.up.csv	"87"	"gene-FOXG_10214"	132.984798634016	7.96521282818963	0.463924564592089	17.169198262207	4.5161473625664e-66	6.43836502734609e-64	52.3194793659613	121.940293235115	92.6396632582633	111.705445742302	80.3139750179062	107.999688768575	151.924893700928	155.669577463721	179.537198563125	273.862429099124	285.592461794091	247.672489200472	0.429687130040091	0.179898536606594
1dpi.up.csv	"141"	"gene-FOXG_12990"	101.118680005054	5.71270343032981	0.369149919216762	15.475293730121	5.09402323998004e-54	4.48093405996259e-52	121.97015712181	82.1130968126448	187.851945062549	109.146642600858	121.197658162751	136.773787504098	91.8586992912765	70.407128280926	141.265491592235	134.874409098578	103.293109620203	109.908244511449	2.46612349525738	2.5350269161184
1dpi.up.csv	"234"	"gene-FOXG_02768"	321.731774487507	10.3069187708372	0.776099277224783	13.2804127942152	3.00731735415933e-40	1.59400671554009e-38	171.328291640042	113.247276732994	144.283848374489	210.320508786451	108.837374183149	367.911563656907	153.658719218601	155.63446399353	216.506279706793	1174.36202065052	829.002637718322	858.939564584561	0.121715480495364	0.0905780982410813
1dpi.up.csv	"382"	"gene-FOXG_12988"	102.692558997327	11.5592293259334	1.06183258633201	10.886112815452	1.34248832170496e-27	4.35886980473994e-26	124.805201968566	110.371777042545	174.142231181852	125.03459390744	109.992918750789	175.207602716475	81.7853267365583	66.6615194104614	93.4989042980193	126.319146906997	129.442156847502	120.373558108638	0.0608880867311218	0
1dpi.up.csv	"429"	"gene-FOXG_07527"	45.0837829230258	7.4089827838762	0.715941251468919	10.3485904306742	4.2469225179072e-25	1.22784568740333e-23	40.6925505389879	22.6862033565181	29.9714029052881	21.2774346730692	79.0791232895501	44.3564924709831	38.3987587035757	42.6237207647853	43.968949425073	70.5834361499052	109.845592761027	87.3252490595295	0.184136050845486	0.179910773224062
1dpi.up.csv	"470"	"gene-FOXG_12993"	45.7393114355482	6.95719614464786	0.707446853717087	9.83423151589856	8.01773793588968e-23	2.11582986423063e-21	58.0841137535942	42.4761615029329	68.0655884825896	66.5491878817608	69.2521188704544	50.0895452556476	13.3609574830301	48.173912706958	25.6824703708649	76.2620412106442	68.5715854617439	52.6957784694663	0.0913814663733755	0.995517181614333
1dpi.up.csv	"500"	"gene-FOXG_13229"	89.1614390888323	8.40872685743487	0.877324539393027	9.58451118129264	9.28964836151451e-22	2.30439017255729e-20	29.0269072672884	16.984035464821	43.5384624498316	63.8279115476738	70.4237298132704	115.537122213555	158.533032002423	68.5089814253129	111.785857419236	157.337555768777	194.480422209052	218.154156230826	0.121973431586027	0
1dpi.up.csv	"528"	"gene-FOXG_09624"	19.9268779068902	7.01638913637343	0.754889180758231	9.2945949090514	1.47767810756216e-20	3.47114423638133e-19	20.3211380974679	36.786925473266	43.5457944035377	21.3046714412216	18.5572380909364	9.62762771055021	15.0337234020246	24.0845807399525	5.50694299028131	32.4885663368061	33.0464847258573	18.0669921728966	0.151747057507435	0.453858054157166
1dpi.up.csv	"541"	"gene-FOXG_09125"	105.970562125825	6.81251688754105	0.740457286355368	9.20041846177676	3.56558472434781e-20	8.1744819475205e-19	11.611420403662	39.6128451357342	59.8723777342888	87.8868635847594	39.5910053367885	34.6569741342437	392.556741000318	231.579310447482	231.31228136949	110.181695571918	148.304489577487	95.6043901273873	0.0910022494290032	0.726473088567507
1dpi.up.csv	"592"	"gene-FOXG_01306"	68.4127917073671	2.79023122491581	0.316715283337891	8.80990394751183	1.25253137353524e-18	2.62418017330365e-17	148.111352667153	101.939084849919	103.457701400243	71.8746916668151	89.040328075739	65.4999565051995	90.1872918148769	85.2303355711047	82.5535714334152	38.1314239105596	25.3981040406465	22.5838974859895	20.4655574712932	13.3057870101856
1dpi.up.csv	"608"	"gene-FOXG_13331"	44.0740905817849	3.67318339393274	0.424720254953324	8.64847708837532	5.21912279918841e-18	1.06468388286733e-16	78.3987775062731	62.2782503079394	122.497060372724	66.5620913069952	80.3970765659272	67.4121521479225	33.4051170218969	27.7913819536498	33.030179207646	12.7115332139864	11.0100177574568	7.5279446422708	4.40931790000989	9.60636824029101
1dpi.up.csv	"651"	"gene-FOXG_17401"	50.3104310295891	11.4218865471659	1.36684308312989	8.35639927372742	6.46615948048159e-17	1.2319474045532e-15	69.665423801849	28.3076325161469	103.404844177176	50.5281915678508	63.0079643881292	102.059786297776	36.7118950323331	31.476816604246	49.4760301073156	81.1358046820441	38.8930233929288	49.6481213413947	0.0305005050574892	0
1dpi.up.csv	"715"	"gene-FOXG_14489"	70.3870510065861	11.9937386084561	1.4874703743002	8.06317814168144	7.43360752297011e-16	1.28949698052305e-14	29.0488213714044	36.8232635629768	51.7415373872974	79.8652066562147	96.4659854902939	71.2993313488101	50.1097577785498	61.1544936117448	47.6976779258347	111.581715190336	172.695799129517	176.935124639226	0	0
1dpi.up.csv	"836"	"gene-FOXG_09916"	143.403357789015	2.23373856160436	0.299213115585504	7.46537650006869	8.3061764837849e-14	1.23231467617684e-12	209.035414640256	285.848228398062	176.918646117064	74.5597807372597	75.459638091447	121.321318683638	173.716615942128	248.261637011871	133.984078555497	120.06133597896	159.27002795838	133.99708429545	46.2272850466161	48.9859175895834
1dpi.up.csv	"884"	"gene-FOXG_09638"	49.9813573001278	7.22817686195489	1.00213150028523	7.21280277079167	5.4811778243233e-13	7.69123144908054e-12	34.8384340142243	14.1599610985006	13.6076707385403	26.577800293296	197.555356567076	69.3419768451702	91.7451916425278	40.7297148672361	76.9003537188112	41.6095005556407	27.0271499301188	65.4317075554592	0.214184375187411	0
1dpi.up.csv	"932"	"gene-FOXG_07492"	21.3589584816572	5.65265480458088	0.804763824239501	7.02399217549648	2.15616888750763e-12	2.86941659997394e-11	5.80864003942771	5.66387058290902	21.7817681178794	34.6041731807808	43.2808663006072	55.8718928595045	40.0821871717557	20.3814630196122	25.680865933924	11.2978578931528	22.8551530471153	11.2919594230437	0.24377006612601	0.180951107362943
1dpi.up.csv	"1003"	"gene-FOXG_14504"	25.8239727187837	8.22461332485059	1.22209499225291	6.72992965112202	1.69745135964049e-11	2.0990517660639e-10	23.2227067129698	14.1552615869622	19.0488450450189	13.2950140596358	92.6459157242326	59.6990656536879	30.034349264587	9.25762152012407	40.3061225710859	8.46554715196719	21.9774972837861	29.3361015396724	0.0915699492418537	0
1dpi.up.csv	"1047"	"gene-FOXG_17514"	51.2744544574108	4.05237405031542	0.615700018185671	6.58173449833063	4.64991394161613e-11	5.50839375528795e-10	113.274110717419	59.4862611996368	117.07966556298	66.5095770580133	71.6834072412996	40.4641736335062	83.4730612711007	81.5114506429963	67.8219965296796	2.82334414506078	0	2.25784232294675	9.65233185864693	1.80514022046367
1dpi.up.csv	"1065"	"gene-FOXG_12170"	25.5410521547046	6.76710470522245	1.0377628222757	6.52085867788452	6.9906026879321e-11	8.14126245431191e-10	8.71476729914048	2.83294341138409	10.892938125639	79.8386703041439	74.180309936969	63.5950628737423	8.34970039165751	12.9706637217945	7.33497121875088	26.8296207746769	35.5357042549235	26.3479828994195	0.0610563634145552	0.0903385902080848
1dpi.up.csv	"1230"	"gene-FOXG_05708"	49.7689837057687	2.86182455113518	0.482462250447891	5.93170667441531	2.998018728582e-09	3.02312408866688e-08	42.9189396794836	11.7479753358863	46.7901630771286	31.3527232489295	54.9636436530763	40.4135176351785	61.7995885858363	98.3521126744168	131.501155120803	44.4982383964386	53.6491328106146	69.3987782410806	4.22484763395595	5.15495578793297
1dpi.up.csv	"1272"	"gene-FOXG_17496"	32.7748910651957	7.60088460792686	1.30031717278423	5.84540815657452	5.05327685383131e-09	4.92734220267844e-08	14.5111235882421	8.48843129522257	2.72080728941531	10.6441918997313	29.6690864926118	11.5507316803487	31.7181729657195	11.1108747012168	18.3399762395667	118.5784137374	59.2510984676185	142.204767563703	0.0607989919437977	0
1dpi.up.csv	"1294"	"gene-FOXG_13096"	65.8112915002733	5.20469054091072	0.899969602014113	5.78318482009029	7.32994542787579e-09	7.02575835718264e-08	55.2325578440944	14.1718511628438	92.0706057741447	29.3118075480487	140.939684488803	36.6384594912329	1.67180287903324	46.3665852247098	12.8547310056732	189.787487347824	150.55051021735	148.848253897358	1.55450349433467	1.35924062837497
1dpi.up.csv	"1322"	"gene-FOXG_09819"	30.1589566033594	4.61040768610297	0.806718848305129	5.71501173647941	1.0969645298285e-08	1.0291717899745e-07	14.5108081610569	2.82833339116102	24.4879204083566	111.883249025578	96.5259213264808	25.0224780399561	41.7656004991849	16.6727358946198	23.8745224999824	16.9530170424995	26.2852261232073	20.3252366781857	0.726474113221476	0.363869243541609
1dpi.up.csv	"1354"	"gene-FOXG_05064"	11.5178775402205	4.81935294467808	0.853991141517361	5.6433289648826	1.66793215279951e-08	1.52787019875719e-07	2.90389716429187	19.8205036636938	8.16698200077679	0	6.18221796202519	3.85266160929675	0	3.70521225602427	3.66826621832365	40.9494530845887	32.162994481241	39.1401872402205	0.426497759507334	0.271412123096919
1dpi.up.csv	"1444"	"gene-FOXG_16909"	15.9690581786347	9.1976037508568	1.70349594899133	5.39925190682308	6.6919354954622e-08	5.7479276973835e-07	11.6160464488845	2.83154885229572	2.72244233075224	31.9416682692819	8.65598787751335	17.3375163677964	31.7302887017609	46.3180791085617	66.0367324422328	2.11825790934905	0	2.25824619245692	0	0
1dpi.up.csv	"1467"	"gene-FOXG_02349"	136.219773650534	2.20699570397518	0.412254112003999	5.35348378515086	8.62767698904512e-08	7.29441565747285e-07	31.3725955436378	36.8624565471233	25.3269248903551	148.735022965681	112.616561862796	107.506460321008	350.514635817275	222.424891302007	268.313810653905	136.365982382977	259.170930196413	194.604887056931	8.15822893496266	5.10344263240701
1dpi.up.csv	"1529"	"gene-FOXG_04884"	6.1985872831673	8.27957632719536	1.59252465427119	5.1990255252811	2.00336016570973e-07	1.62509327241974e-06	11.6085177355627	5.65868400877698	5.44144620565735	5.32214680718272	23.4882372406031	11.5502883420602	5.00811804400644	0	7.33614576333293	4.94075965939721	3.38589698761606	3.00958772426672	0.030393445879873	0
1dpi.up.csv	"1614"	"gene-FOXG_14778"	5.83149016376288	6.34821087527134	1.26310712690878	5.02586893861282	5.01158079321042e-07	3.85121664053214e-06	11.6099404963334	5.66028901873515	2.72100104701896	5.32036416206312	14.8298027964988	5.77619815387089	1.66903791323579	3.70338159458045	9.16596225503718	5.64536682645157	10.1514547925903	5.26625598506236	0.121807251202371	0
1dpi.up.csv	"1735"	"gene-FOXG_02912"	77.1773554023602	4.17454131855402	0.87044614272107	4.79586399855152	1.61975151707031e-06	1.15791228047395e-05	11.6188464989546	0	2.72309106216474	85.1930427130112	186.755640393682	102.124146239367	130.286891579959	129.718878489378	121.086982551367	94.6340030255406	78.7369759983402	137.029183041914	0.213307355978355	0.361986683387587
1dpi.up.csv	"1738"	"gene-FOXG_01101"	210.729189455891	2.00194457201503	0.418281795521882	4.78611451286625	1.70041061938977e-06	1.21347485110997e-05	107.791403703734	164.692863059876	226.694653027543	187.118639829008	104.311956634513	193.227255632331	209.251227442157	351.421255590057	224.807709254458	309.785923661781	426.181594042598	361.476329890051	24.5967009996092	58.8511396147507
1dpi.up.csv	"1754"	"gene-FOXG_06039"	7.66606848965329	8.00763064662948	1.68201293171433	4.7607426171617	1.92881905641886e-06	1.36391919935936e-05	23.2127952406652	8.48810967634247	0	18.6139285539867	19.7652948565244	5.7745031110011	0	5.55319139906027	0	11.2865433064134	2.53672428607472	12.0329619948026	0.0609064302752076	0
1dpi.up.csv	"2123"	"gene-FOXG_16880"	211.914156772132	7.60106450022892	1.80986238153748	4.19980246993798	2.67147937493541e-05	0.000156073286327479	0	0	5.44911806506415	157.113218487542	330.306014029642	219.793536275814	447.802669887832	368.933646902006	530.299728107739	215.468463080647	240.458053318182	451.173746655382	0	0
1dpi.up.csv	"2287"	"gene-FOXG_17421"	20.2637766517825	6.85068934890364	1.72524143097387	3.97085835403138	7.16141495384187e-05	0.00038838228977919	0	5.66394669377643	2.72164274769173	15.9491026473394	83.9736427550129	71.2695177587169	18.3511941831092	24.0694503282606	49.4450359331392	1.41066259482637	2.53436106321269	8.27373175981309	0.0305846600561776	0
1dpi.up.csv	"2339"	"gene-FOXG_04992"	9.78232075439709	4.03587812991882	1.0329071815398	3.90729990269054	9.33332786716772e-05	0.000494917766295345	0	5.66186867739605	19.0560786014612	7.98813974106502	27.2136507966867	23.1137792488362	18.3742021095171	3.705752712921	9.17593247399487	9.18125597795293	3.38806517907534	9.0341430492087	0.334468903403819	0.725153090040342
1dpi.up.csv	"2400"	"gene-FOXG_15829"	26.2943085256536	2.40906799740749	0.628933038647695	3.83040458899625	0.000127932732603432	0.000661145701033486	14.5141947731059	33.9535441792216	16.3287476465875	61.2548287005914	19.7956120025474	23.1044869136459	15.0341236712598	20.3789516997186	16.5224506023985	45.2028706905419	57.6276105578666	36.1339385778223	2.45693905711474	5.81202028672797
1dpi.up.csv	"2450"	"gene-FOXG_14599"	8.16118664467478	4.83715874735724	1.28349309124766	3.76874544969706	0.000164070099556373	0.000830596508080693	14.5219545844608	0	0	5.3143497998221	4.93780360086549	9.63557664188856	5.00407901736144	1.85166634288908	7.32090176056686	31.0289111931377	18.5697390228174	15.7954431155794	0.276187946058114	0
1dpi.up.csv	"2648"	"gene-FOXG_04146"	10.107148039314	2.56580094985093	0.717354050994083	3.57675675811035	0.000347883606368031	0.0016294563329995	3.03803214760373	8.37711511227959	13.4195159496446	8.34557972499682	18.2718921683275	13.2957548040546	11.5183826664463	9.68749755957997	12.6459818715644	15.4156952523435	14.1688754603312	10.3855571198831	1.11460726450993	1.81558544883143
1dpi.up.csv	"2900"	"gene-FOXG_15742"	17.9356350102842	5.31367377881181	1.59199231561937	3.33775089658301	0.000844594314125513	0.00361224250968922	8.72432879149744	0	0	10.6424727410719	166.866788902676	30.8732611693071	8.35090132742828	5.56214368421565	12.8282340558637	0.706113508534205	3.38072314599909	3.01253060526606	0.0614499154666526	0.0899422966529678
1dpi.up.csv	"2928"	"gene-FOXG_17608"	3.7864925434521	6.08712042580496	1.8371429351239	3.31336245505276	0.000921814347141398	0.00390594458622824	0	0	8.16304298602423	0	1.23579624150611	5.77624962239728	13.352165796644	7.40674329696537	7.33259881030104	1.41132612771451	6.7674265331914	1.50463671682789	0.0609094767575405	0
1dpi.up.csv	"2954"	"gene-FOXG_10185"	5.23436367100376	7.60821715580816	2.31441780971955	3.28731360597769	0.00101148123949549	0.00424692004518028	0	5.66629203251622	0	5.32436115227604	39.5759775705116	3.8546879614544	0	3.70669369873124	0	2.82497282594436	2.53941644981661	9.78868970280208	0	0
1dpi.up.csv	"3221"	"gene-FOXG_11030"	5.95454643834586	5.48624952233006	1.78927519513812	3.06618542370535	0.00216808815414112	0.00834858658050677	0	2.82894841878869	2.72049419165744	13.3060106840886	0	3.84967846705899	23.3713954368286	7.40683961572039	12.8393639224876	4.94081937009566	6.77269484570247	5.26665681507358	0.060748369340107	0
2dpi.up.csv	"16"	"gene-FOXG_10748"	1535.37401633617	5.453879080302	0.189490284362785	28.7818401805782	3.62040287140726e-182	2.9599056225549e-179	549.24344472328	682.843409683478	550.323321811538	1126.9162536374	716.590591648423	752.582058316002	1465.79864777262	1600.1191966314	1518.38788526586	3886.26512426917	4622.18013267142	3984.72427257225	19.4158603777416	19.8460293257651
2dpi.up.csv	"32"	"gene-FOXG_10800"	573.940005500222	7.91036698740455	0.316556878405335	24.9887698768489	8.09802257608453e-138	3.31031979118005e-135	513.971198479097	535.068983095475	588.01050868929	729.486023883643	528.12266836608	851.36876883757	514.428583323494	426.139253593453	469.728330097864	964.642066374324	856.998206310014	1050.90191686364	1.67318906803597	4.62038002112851
2dpi.up.csv	"41"	"gene-FOXG_17428"	154.975160118304	9.13032149782499	0.390207675944034	23.3986209413638	4.41398805305145e-121	1.40827750541381e-118	197.57420175018	184.204546117488	269.64919775298	353.878065886909	332.508018639305	302.634948446841	73.4709157660886	79.6807056956482	73.3263412916863	126.368886051751	102.330066284107	73.0217280247105	0.733999796416207	0.270620152147489
2dpi.up.csv	"58"	"gene-FOXG_12989"	216.092632024424	9.21272239225412	0.429790661199639	21.4353712724688	6.25330571267383e-102	1.41344331257557e-99	275.77480664242	265.977854084648	340.187973896589	292.95233527342	212.79891617478	294.589105402884	148.66960252625	159.327068285718	222.128688880749	345.375034857299	254.228837390847	212.286969988467	0.364050986143936	0.635603951725519
2dpi.up.csv	"98"	"gene-FOXG_10214"	132.984798634016	8.10851483371056	0.454385600138013	17.8450083612855	3.1605584304748e-71	4.21870049275927e-69	52.3194793659613	121.940293235115	92.6396632582633	111.705445742302	80.3139750179062	107.999688768575	151.924893700928	155.669577463721	179.537198563125	273.862429099124	285.592461794091	247.672489200472	0.429687130040091	0.179898536606594
2dpi.up.csv	"167"	"gene-FOXG_12990"	101.118680005054	5.61942669287928	0.363447035668995	15.4614734511058	6.31376046689343e-54	4.94552698607383e-52	121.97015712181	82.1130968126448	187.851945062549	109.146642600858	121.197658162751	136.773787504098	91.8586992912765	70.407128280926	141.265491592235	134.874409098578	103.293109620203	109.908244511449	2.46612349525738	2.5350269161184
2dpi.up.csv	"177"	"gene-FOXG_00480"	665.585054224404	7.30413222066157	0.478743053282279	15.2568944250662	1.48132565045794e-52	1.09475823918872e-50	17.4240648932856	16.9885099714855	2.72245738718184	524.443844522012	1277.5401054985	670.372350444057	768.277403347853	981.990863281921	1192.52729333783	917.999750131041	922.047190567223	2015.23495466897	3.28775303823168	7.33421805206788
2dpi.up.csv	"190"	"gene-FOXG_02912"	77.1773554023602	8.92516355967621	0.593958637182817	15.026574244309	4.91789521615507e-51	3.38584143802761e-49	11.6188464989546	0	2.72309106216474	85.1930427130112	186.755640393682	102.124146239367	130.286891579959	129.718878489378	121.086982551367	94.6340030255406	78.7369759983402	137.029183041914	0.213307355978355	0.361986683387587
2dpi.up.csv	"222"	"gene-FOXG_02768"	321.731774487507	10.9802328138086	0.771044258280628	14.2407296285349	5.11897876055634e-46	3.01627753003772e-44	171.328291640042	113.247276732994	144.283848374489	210.320508786451	108.837374183149	367.911563656907	153.658719218601	155.63446399353	216.506279706793	1174.36202065052	829.002637718322	858.939564584561	0.121715480495364	0.0905780982410813
2dpi.up.csv	"346"	"gene-FOXG_10034"	1434.7300453282	2.75076311115495	0.224794227646353	12.2368049213543	1.97661538652887e-34	7.47286296855031e-33	447.107360886429	481.137746991283	293.959429083502	916.012114587518	711.293791218632	600.835907308773	1257.77048167864	1597.02967247248	1227.86485649672	3711.29202224435	4621.2827567043	4000.34057536247	97.5646578344731	122.729261725244
2dpi.up.csv	"356"	"gene-FOXG_02349"	136.219773650534	4.17861580118266	0.344917173146411	12.114838362684	8.81377149539942e-34	3.2385658688573e-32	31.3725955436378	36.8624565471233	25.3269248903551	148.735022965681	112.616561862796	107.506460321008	350.514635817275	222.424891302007	268.313810653905	136.365982382977	259.170930196413	194.604887056931	8.15822893496266	5.10344263240701
2dpi.up.csv	"383"	"gene-FOXG_07527"	45.0837829230258	8.10247958401107	0.689707777222494	11.7476993178769	7.25677441154692e-32	2.47848214301424e-30	40.6925505389879	22.6862033565181	29.9714029052881	21.2774346730692	79.0791232895501	44.3564924709831	38.3987587035757	42.6237207647853	43.968949425073	70.5834361499052	109.845592761027	87.3252490595295	0.184136050845486	0.179910773224062
2dpi.up.csv	"390"	"gene-FOXG_13229"	89.1614390888323	9.8862137805339	0.848683264650461	11.6488850344017	2.32480573215228e-31	7.7976368672523e-30	29.0269072672884	16.984035464821	43.5384624498316	63.8279115476738	70.4237298132704	115.537122213555	158.533032002423	68.5089814253129	111.785857419236	157.337555768777	194.480422209052	218.154156230826	0.121973431586027	0
2dpi.up.csv	"443"	"gene-FOXG_12170"	25.5410521547046	10.0353650688932	0.913614783231855	10.9842411189907	4.55046787847394e-28	1.34367201621484e-26	8.71476729914048	2.83294341138409	10.892938125639	79.8386703041439	74.180309936969	63.5950628737423	8.34970039165751	12.9706637217945	7.33497121875088	26.8296207746769	35.5357042549235	26.3479828994195	0.0610563634145552	0.0903385902080848
2dpi.up.csv	"450"	"gene-FOXG_12988"	102.692558997327	11.5530430549188	1.05962921278671	10.9029110518155	1.11627730389501e-27	3.24489409161125e-26	124.805201968566	110.371777042545	174.142231181852	125.03459390744	109.992918750789	175.207602716475	81.7853267365583	66.6615194104614	93.4989042980193	126.319146906997	129.442156847502	120.373558108638	0.0608880867311218	0
2dpi.up.csv	"457"	"gene-FOXG_07492"	21.3589584816572	7.6527822652518	0.70889820425575	10.7953190166227	3.62202445067947e-27	1.03675496366167e-25	5.80864003942771	5.66387058290902	21.7817681178794	34.6041731807808	43.2808663006072	55.8718928595045	40.0821871717557	20.3814630196122	25.680865933924	11.2978578931528	22.8551530471153	11.2919594230437	0.24377006612601	0.180951107362943
2dpi.up.csv	"529"	"gene-FOXG_12993"	45.7393114355482	7.09825057959677	0.697966328941218	10.169904027268	2.7017474109659e-24	6.68082379637899e-23	58.0841137535942	42.4761615029329	68.0655884825896	66.5491878817608	69.2521188704544	50.0895452556476	13.3609574830301	48.173912706958	25.6824703708649	76.2620412106442	68.5715854617439	52.6957784694663	0.0913814663733755	0.995517181614333
2dpi.up.csv	"531"	"gene-FOXG_09125"	105.970562125825	7.32669085798712	0.721600531530413	10.1533889428383	3.20052348419424e-24	7.88437809731541e-23	11.611420403662	39.6128451357342	59.8723777342888	87.8868635847594	39.5910053367885	34.6569741342437	392.556741000318	231.579310447482	231.31228136949	110.181695571918	148.304489577487	95.6043901273873	0.0910022494290032	0.726473088567507
2dpi.up.csv	"552"	"gene-FOXG_13111"	27.4137225862195	6.60659538852381	0.661108142024028	9.99321437533241	1.6320195483917e-23	3.86747241168692e-22	0	0	0	42.6057180429711	50.7194423505383	38.5462918768454	23.3899634686333	48.192085986932	82.5768417712195	28.9615284532854	21.1702583153338	46.6906573840345	0.39625275464633	0.543075802633236
2dpi.up.csv	"574"	"gene-FOXG_09638"	49.9813573001278	9.48033791062509	0.961134099432143	9.86369947359714	5.98044018082278e-23	1.36289439033698e-21	34.8384340142243	14.1599610985006	13.6076707385403	26.577800293296	197.555356567076	69.3419768451702	91.7451916425278	40.7297148672361	76.9003537188112	41.6095005556407	27.0271499301188	65.4317075554592	0.214184375187411	0
2dpi.up.csv	"590"	"gene-FOXG_16880"	211.914156772132	14.5873211299177	1.49620873873837	9.749522745214	1.8533751424148e-22	4.10915258269965e-21	0	0	5.44911806506415	157.113218487542	330.306014029642	219.793536275814	447.802669887832	368.933646902006	530.299728107739	215.468463080647	240.458053318182	451.173746655382	0	0
2dpi.up.csv	"591"	"gene-FOXG_09819"	30.1589566033594	7.08132185612775	0.726957545092898	9.74103907983075	2.01483475644656e-22	4.45956911151903e-21	14.5108081610569	2.82833339116102	24.4879204083566	111.883249025578	96.5259213264808	25.0224780399561	41.7656004991849	16.6727358946198	23.8745224999824	16.9530170424995	26.2852261232073	20.3252366781857	0.726474113221476	0.363869243541609
2dpi.up.csv	"647"	"gene-FOXG_09643"	134.744592428054	14.3042582728792	1.52014183427345	9.40981818299599	4.96995866788637e-21	1.00482270996324e-19	0	0	0	125.185643302685	277.171321869544	179.315030435094	103.61455294314	192.834399206888	196.390637329515	195.723461227703	190.562925313975	425.626322364208	0	0
2dpi.up.csv	"748"	"gene-FOXG_14489"	70.3870510065861	13.0747955789353	1.4759986223936	8.85827085511244	8.12650747314214e-19	1.42116101946755e-17	29.0488213714044	36.8232635629768	51.7415373872974	79.8652066562147	96.4659854902939	71.2993313488101	50.1097577785498	61.1544936117448	47.6976779258347	111.581715190336	172.695799129517	176.935124639226	0	0
2dpi.up.csv	"779"	"gene-FOXG_09629"	28.9560951443545	9.06492776772111	1.04181908044485	8.70105754240021	3.28805478438854e-18	5.52131510071714e-17	0	0	2.72307272611953	7.98832032169623	90.3022315965758	44.3161709104836	45.1049730305402	27.7985488479373	53.217609807031	31.0779550153159	49.966719627643	52.7078166256249	0.0913442305320058	0.0905692814629708
2dpi.up.csv	"792"	"gene-FOXG_04398"	16.1101716649862	5.40589451069634	0.629381962874538	8.58921105080026	8.75685355393534e-18	1.4463181987251e-16	5.85898759051294	2.85588692578335	0	21.4921659595249	24.9608490313788	9.71582873004708	15.167438572454	26.1706799931681	16.6647796158613	26.3642670106277	40.3049755541224	35.0866027336483	0.442537084324461	0.457404508352935
2dpi.up.csv	"820"	"gene-FOXG_17401"	50.3104310295891	11.5227136309847	1.36292890487988	8.45437615251119	2.80583428568016e-17	4.47599003548563e-16	69.665423801849	28.3076325161469	103.404844177176	50.5281915678508	63.0079643881292	102.059786297776	36.7118950323331	31.476816604246	49.4760301073156	81.1358046820441	38.8930233929288	49.6481213413947	0.0305005050574892	0
2dpi.up.csv	"835"	"gene-FOXG_17404"	48.989095078504	13.444550383636	1.60807943490668	8.36062578240492	6.23864430904773e-17	9.77337798882076e-16	0	0	0	53.2392201662532	221.367470034124	44.4540382743289	51.8178695220373	70.5355298174254	80.6532390676046	38.8663184278573	39.7198177165998	85.193828072825	0	0
2dpi.up.csv	"847"	"gene-FOXG_16915"	84.8849266234998	13.2057288141847	1.59075724699572	8.30153616406579	1.02773757682202e-16	1.58722966262207e-15	0	0	0	50.5943372790783	184.325401590934	34.7425119423815	105.294940103438	70.4916846267586	102.726022700507	143.443537411915	159.921184383998	336.849352689987	0	0
2dpi.up.csv	"858"	"gene-FOXG_14504"	25.8239727187837	9.80299532841057	1.18881955604369	8.24599097362956	1.6379703578402e-16	2.49723662597992e-15	23.2227067129698	14.1552615869622	19.0488450450189	13.2950140596358	92.6459157242326	59.6990656536879	30.034349264587	9.25762152012407	40.3061225710859	8.46554715196719	21.9774972837861	29.3361015396724	0.0915699492418537	0
2dpi.up.csv	"862"	"gene-FOXG_13415"	72.2092197740926	13.5950412619726	1.65188713423478	8.2300061428049	1.87203842822595e-16	2.84085089090762e-15	0	0	0	34.623715589115	266.019878139227	54.0010763595007	88.5756126885482	109.408885737452	170.671286283744	71.3657467663694	55.0388155763842	161.224059696955	0	0
2dpi.up.csv	"890"	"gene-FOXG_09583"	36.7906160476199	12.3640142654448	1.5241104021991	8.11228257979544	4.96776075754132e-16	7.30149196285371e-15	0	0	0	66.6004075659247	25.9893004573858	63.5785810761353	21.7242238027903	9.26767208230129	11.0171545351754	97.5047886381451	116.960755668076	102.425740840744	0	0
2dpi.up.csv	"903"	"gene-FOXG_13331"	44.0740905817849	3.38319319994946	0.420091972035632	8.05345834997889	8.04867963479361e-16	1.16594438873461e-14	78.3987775062731	62.2782503079394	122.497060372724	66.5620913069952	80.3970765659272	67.4121521479225	33.4051170218969	27.7913819536498	33.030179207646	12.7115332139864	11.0100177574568	7.5279446422708	4.40931790000989	9.60636824029101
2dpi.up.csv	"909"	"gene-FOXG_09571"	23.8021212204038	4.74075012212066	0.589698366375356	8.03927972746506	9.03680743091963e-16	1.30044530257271e-14	0	5.65981445870258	8.1658847562095	34.6310164224851	38.3636224724096	26.9598923595006	40.1002712766185	53.6176601560444	73.4530212433224	7.77105830717028	24.5837226761885	17.3179160825733	0.879564344384361	1.72625253004319
2dpi.up.csv	"979"	"gene-FOXG_09624"	19.9268779068902	5.98026772859382	0.768700882996712	7.77970711478863	7.26926446898787e-15	9.71289566075897e-14	20.3211380974679	36.786925473266	43.5457944035377	21.3046714412216	18.5572380909364	9.62762771055021	15.0337234020246	24.0845807399525	5.50694299028131	32.4885663368061	33.0464847258573	18.0669921728966	0.151747057507435	0.453858054157166
2dpi.up.csv	"1005"	"gene-FOXG_02142"	93.7905319791615	3.31115443673256	0.430747181973796	7.68700197076157	1.50622816159537e-14	1.96049458525662e-13	26.1232850941971	19.8032967379299	8.16372956910253	87.8951414665179	124.970551991848	77.0065123495066	140.323677013531	227.868910175603	271.739620002957	82.6400212948452	69.5057087026503	157.33290277926	8.78966478711169	10.9044257432006
2dpi.up.csv	"1097"	"gene-FOXG_17421"	20.2637766517825	11.2112875458077	1.51798794114402	7.38562358891887	1.51740513049914e-13	1.80940533382491e-12	0	5.66394669377643	2.72164274769173	15.9491026473394	83.9736427550129	71.2695177587169	18.3511941831092	24.0694503282606	49.4450359331392	1.41066259482637	2.53436106321269	8.27373175981309	0.0305846600561776	0
2dpi.up.csv	"1129"	"gene-FOXG_15742"	17.9356350102842	9.93646854637485	1.36683554606404	7.26968842373761	3.60317608025611e-13	4.17476938049868e-12	8.72432879149744	0	0	10.6424727410719	166.866788902676	30.8732611693071	8.35090132742828	5.56214368421565	12.8282340558637	0.706113508534205	3.38072314599909	3.01253060526606	0.0614499154666526	0.0899422966529678
2dpi.up.csv	"1182"	"gene-FOXG_05708"	49.7689837057687	3.20037952757974	0.45130498664311	7.09138968612944	1.32771892791841e-12	1.46936474586301e-11	42.9189396794836	11.7479753358863	46.7901630771286	31.3527232489295	54.9636436530763	40.4135176351785	61.7995885858363	98.3521126744168	131.501155120803	44.4982383964386	53.6491328106146	69.3987782410806	4.22484763395595	5.15495578793297
2dpi.up.csv	"1208"	"gene-FOXG_17496"	32.7748910651957	8.69453296942265	1.23803920255043	7.02282524778815	2.17426092537678e-12	2.35442940106405e-11	14.5111235882421	8.48843129522257	2.72080728941531	10.6441918997313	29.6690864926118	11.5507316803487	31.7181729657195	11.1108747012168	18.3399762395667	118.5784137374	59.2510984676185	142.204767563703	0.0607989919437977	0
2dpi.up.csv	"1210"	"gene-FOXG_03928"	17.1481123164619	11.8358254207683	1.685444695106	7.02237543310426	2.18127453718705e-12	2.35812001825982e-11	0	0	0	45.2704350559139	32.1653719918636	28.9472136386149	25.0698725836507	1.85490479426951	1.83455941860806	38.8636991774467	32.158367469324	33.9091483007748	0	0
2dpi.up.csv	"1268"	"gene-FOXG_01306"	68.4127917073671	2.16436982932235	0.317474875862057	6.81745232105475	9.26691442171172e-12	9.55997693615229e-11	148.111352667153	101.939084849919	103.457701400243	71.8746916668151	89.040328075739	65.4999565051995	90.1872918148769	85.2303355711047	82.5535714334152	38.1314239105596	25.3981040406465	22.5838974859895	20.4655574712932	13.3057870101856
2dpi.up.csv	"1297"	"gene-FOXG_16909"	15.9690581786347	10.9068606408514	1.62103004534173	6.72835193412602	1.71595486554289e-11	1.73064036978925e-10	11.6160464488845	2.83154885229572	2.72244233075224	31.9416682692819	8.65598787751335	17.3375163677964	31.7302887017609	46.3180791085617	66.0367324422328	2.11825790934905	0	2.25824619245692	0	0
2dpi.up.csv	"1406"	"gene-FOXG_12014"	17.213030408261	6.62524753851154	1.0268163599896	6.45222241938043	1.10221648276524e-10	1.02546897660399e-09	2.90970677201608	5.67645238072652	0	23.9762531163821	28.4652997240556	11.5827191764449	21.7355021052884	7.42229961555879	27.5298077137358	38.1716996452336	33.0189930329964	39.9521321543848	0	0.541560278830282
2dpi.up.csv	"1427"	"gene-FOXG_13239"	8.87868103078806	9.2240693441596	1.43755987858628	6.41647661538153	1.39464360917247e-10	1.27843959716784e-09	2.90697485262883	0	0	10.6599738323236	13.6185227670804	21.2114284530123	8.35964120711366	5.56420971207889	11.019836993013	14.1379768992398	25.4285918024839	11.3037222338693	0	0.0906556781892196
2dpi.up.csv	"1497"	"gene-FOXG_13096"	65.8112915002733	5.57814117724974	0.89044460487144	6.26444491519503	3.74155790787586e-10	3.26942678643448e-09	55.2325578440944	14.1718511628438	92.0706057741447	29.3118075480487	140.939684488803	36.6384594912329	1.67180287903324	46.3665852247098	12.8547310056732	189.787487347824	150.55051021735	148.848253897358	1.55450349433467	1.35924062837497
2dpi.up.csv	"1517"	"gene-FOXG_18506"	14.1976912916987	4.76047533415686	0.764258759249361	6.22887899751715	4.6978444201633e-10	4.05092306263389e-09	5.80629936185175	0	0	13.318301577064	56.9210429538788	25.0323902659886	23.3896730946464	12.9700339035785	7.34452535849675	12.7150975220094	16.952360303018	21.8337418070143	0.758260122521003	1.72595181371456
2dpi.up.csv	"1629"	"gene-FOXG_04884"	6.1985872831673	9.17797512734375	1.53963053802033	5.96115425142508	2.50462395395848e-09	2.01123302281958e-08	11.6085177355627	5.65868400877698	5.44144620565735	5.32214680718272	23.4882372406031	11.5502883420602	5.00811804400644	0	7.33614576333293	4.94075965939721	3.38589698761606	3.00958772426672	0.030393445879873	0
2dpi.up.csv	"1757"	"gene-FOXG_14778"	5.83149016376288	6.80520540071945	1.20141800596395	5.66431114477873	1.47616339914012e-08	1.09901499283733e-07	11.6099404963334	5.66028901873515	2.72100104701896	5.32036416206312	14.8298027964988	5.77619815387089	1.66903791323579	3.70338159458045	9.16596225503718	5.64536682645157	10.1514547925903	5.26625598506236	0.121807251202371	0
2dpi.up.csv	"1791"	"gene-FOXG_04992"	9.78232075439709	5.29069258993842	0.948119476675223	5.5801960829782	2.40247591004802e-08	1.75470616300045e-07	0	5.66186867739605	19.0560786014612	7.98813974106502	27.2136507966867	23.1137792488362	18.3742021095171	3.705752712921	9.17593247399487	9.18125597795293	3.38806517907534	9.0341430492087	0.334468903403819	0.725153090040342
2dpi.up.csv	"1872"	"gene-FOXG_17514"	51.2744544574108	3.35637638280509	0.61736206907985	5.43664172275374	5.4294156528745e-08	3.79392020060103e-07	113.274110717419	59.4862611996368	117.07966556298	66.5095770580133	71.6834072412996	40.4641736335062	83.4730612711007	81.5114506429963	67.8219965296796	2.82334414506078	0	2.25784232294675	9.65233185864693	1.80514022046367
2dpi.up.csv	"1888"	"gene-FOXG_04146"	10.107148039314	3.29406256770579	0.611555387049635	5.38636832813712	7.18955545479749e-08	4.98128045043464e-07	3.03803214760373	8.37711511227959	13.4195159496446	8.34557972499682	18.2718921683275	13.2957548040546	11.5183826664463	9.68749755957997	12.6459818715644	15.4156952523435	14.1688754603312	10.3855571198831	1.11460726450993	1.81558544883143
2dpi.up.csv	"1892"	"gene-FOXG_15839"	13.1131958530652	5.90154632274589	1.09709794871134	5.37923375909863	7.48035292107593e-08	5.17180214379462e-07	0	0	0	0	25.9860706603185	3.85131760202609	16.7072874717106	16.6762957917532	29.3782822486716	21.8986986302332	28.8189084184054	39.9042048449954	0.182010909493024	0.181665365305933
2dpi.up.csv	"2004"	"gene-FOXG_11081"	20.9936404542252	2.76082370767222	0.53067519804972	5.20247359932875	1.96653302748564e-07	1.28364363934828e-06	23.2321476294198	2.83143109496469	16.3347833992561	23.9592985903244	25.971221295812	30.8218198776338	40.0839927820826	29.6450259326713	34.8583447983889	12.7107491063337	22.0138512382922	23.3366777331488	2.67897305870632	5.43264982211754
2dpi.up.csv	"2013"	"gene-FOXG_15829"	26.2943085256536	3.03950479471256	0.58687455039811	5.17913886818008	2.22912490177277e-07	1.44854360854891e-06	14.5141947731059	33.9535441792216	16.3287476465875	61.2548287005914	19.7956120025474	23.1044869136459	15.0341236712598	20.3789516997186	16.5224506023985	45.2028706905419	57.6276105578666	36.1339385778223	2.45693905711474	5.81202028672797
2dpi.up.csv	"2038"	"gene-FOXG_06039"	7.66606848965329	8.49622987294599	1.65327690677465	5.13902410305915	2.76168977048197e-07	1.77260372363468e-06	23.2127952406652	8.48810967634247	0	18.6139285539867	19.7652948565244	5.7745031110011	0	5.55319139906027	0	11.2865433064134	2.53672428607472	12.0329619948026	0.0609064302752076	0
2dpi.up.csv	"2045"	"gene-FOXG_10185"	5.23436367100376	10.7483287784296	2.09741930180675	5.12454937797648	2.98250182683204e-07	1.90778026390171e-06	0	5.66629203251622	0	5.32436115227604	39.5759775705116	3.8546879614544	0	3.70669369873124	0	2.82497282594436	2.53941644981661	9.78868970280208	0	0
2dpi.up.csv	"2327"	"gene-FOXG_05597"	4.19213945898507	9.99990866799514	2.14043776403743	4.67189882182451	2.98427964032734e-06	1.67758323915436e-05	0	0	2.72407762760816	5.32506522391879	19.7906137700567	3.85532772974049	3.34127892424971	12.9753855546369	0	0.706342105593008	8.46568694588541	1.50617454410191	0	0
2dpi.up.csv	"2485"	"gene-FOXG_11030"	5.95454643834586	6.92271379075677	1.5533973199528	4.4564991208863	8.33089424892067e-06	4.3853693227417e-05	0	2.82894841878869	2.72049419165744	13.3060106840886	0	3.84967846705899	23.3713954368286	7.40683961572039	12.8393639224876	4.94081937009566	6.77269484570247	5.26665681507358	0.060748369340107	0
2dpi.up.csv	"2503"	"gene-FOXG_14599"	8.16118664467478	5.30804529428541	1.19761644882534	4.43217467453099	9.32873938237861e-06	4.87570127321427e-05	14.5219545844608	0	0	5.3143497998221	4.93780360086549	9.63557664188856	5.00407901736144	1.85166634288908	7.32090176056686	31.0289111931377	18.5697390228174	15.7954431155794	0.276187946058114	0
2dpi.up.csv	"2713"	"gene-FOXG_12336"	6.74424087963116	3.41111493919072	0.816236150691645	4.17907848886658	2.92692665508696e-05	0.000141072688191571	2.90345721766591	0	0	5.32694854601187	6.18665306855179	3.85163352309847	6.68264231684332	9.26468197638239	5.50774394648746	15.5403042576807	17.7968243731168	20.3283886249562	0.394608176204611	0.635486287836689
2dpi.up.csv	"2891"	"gene-FOXG_21891"	95.5419822522144	4.16132552227242	1.04486342030448	3.98265021189066	6.81510232843712e-05	0.000308428265691791	0	0	0	2.66411195266101	1.23761849727235	3.850468629938	337.50667838562	272.365167640348	451.802474839384	72.7651705132724	55.1147288601879	140.038939544156	0.15145214031061	0.0909405278519224
2dpi.up.csv	"2976"	"gene-FOXG_11735"	13.2709110795736	2.35998321962719	0.60651078044452	3.89108206435757	9.97981698785706e-05	0.000438662587426607	5.80514131164503	0	2.7212285950465	15.9809683322907	43.306713000173	17.326348624487	0	0	0	28.2530002410767	29.6672745549785	32.3698649475982	4.81898652419414	5.54322898254084
2dpi.up.csv	"3207"	"gene-FOXG_05064"	11.5178775402205	3.40446752023734	0.930625106431243	3.65825883775345	0.000253934526022611	0.00103577098063666	2.90389716429187	19.8205036636938	8.16698200077679	0	6.18221796202519	3.85266160929675	0	3.70521225602427	3.66826621832365	40.9494530845887	32.162994481241	39.1401872402205	0.426497759507334	0.271412123096919
2dpi.up.csv	"3483"	"gene-FOXG_10186"	2.38694940405088	9.42079786843263	2.73721274879262	3.44174849857327	0.000577967338522326	0.00217065482492407	0	0	0	0	13.5995097218634	5.79849659902448	0	0	0	1.41299108922367	5.06820137041739	7.53809287618348	0	0
2dpi.up.csv	"3493"	"gene-FOXG_08721"	10.6687327877154	3.48349683954437	1.01427757226509	3.43446107337759	0.000593733341268523	0.00222348291930534	26.1189295769533	2.82823624088951	2.72083025656668	21.3115306551519	19.8005823966286	3.84951419896994	18.3770207081806	1.85251706047193	18.3655969105756	12.0085050397627	12.7192330095198	6.77507573357979	1.8158615984501	0.81882564231522
2dpi.up.csv	"3706"	"gene-FOXG_17608"	3.7864925434521	5.86818170288044	1.79184327384034	3.27494139055118	0.00105683897105071	0.00373040148612397	0	0	8.16304298602423	0	1.23579624150611	5.77624962239728	13.352165796644	7.40674329696537	7.33259881030104	1.41132612771451	6.7674265331914	1.50463671682789	0.0609094767575405	0
2dpi.up.csv	"3993"	"gene-FOXG_17727"	3.10126032275435	6.35018962417013	2.05689482073353	3.08726997616024	0.00202004042265246	0.00661761802372072	0	0	0	0	8.65394559308454	0	18.3646377024997	1.85202253148755	3.66808739655889	2.82351492999616	4.2321879014626	3.76241691697465	0.0608315464968759	0
3dpi.up.csv	"5"	"gene-FOXG_10748"	1535.37401633617	6.28349272208755	0.187534047489194	33.5058769658859	3.95759399082521e-246	1.0085532526219e-242	549.24344472328	682.843409683478	550.323321811538	1126.9162536374	716.590591648423	752.582058316002	1465.79864777262	1600.1191966314	1518.38788526586	3886.26512426917	4622.18013267142	3984.72427257225	19.4158603777416	19.8460293257651
3dpi.up.csv	"37"	"gene-FOXG_10800"	573.940005500222	7.33307608743416	0.317699059034127	23.0818313083088	7.04886993676858e-118	2.42747839822447e-115	513.971198479097	535.068983095475	588.01050868929	729.486023883643	528.12266836608	851.36876883757	514.428583323494	426.139253593453	469.728330097864	964.642066374324	856.998206310014	1050.90191686364	1.67318906803597	4.62038002112851
3dpi.up.csv	"61"	"gene-FOXG_12989"	216.092632024424	8.6256876308032	0.432122610012742	19.9612041372907	1.19790806575162e-88	2.50225320882085e-86	275.77480664242	265.977854084648	340.187973896589	292.95233527342	212.79891617478	294.589105402884	148.66960252625	159.327068285718	222.128688880749	345.375034857299	254.228837390847	212.286969988467	0.364050986143936	0.635603951725519
3dpi.up.csv	"64"	"gene-FOXG_10214"	132.984798634016	8.82965831369096	0.448211611715231	19.6997536050022	2.16671906901875e-86	4.31380224647452e-84	52.3194793659613	121.940293235115	92.6396632582633	111.705445742302	80.3139750179062	107.999688768575	151.924893700928	155.669577463721	179.537198563125	273.862429099124	285.592461794091	247.672489200472	0.429687130040091	0.179898536606594
3dpi.up.csv	"118"	"gene-FOXG_17428"	154.975160118304	7.00469155960011	0.405739716460475	17.2640026978539	8.78077117128904e-67	9.48174459869195e-65	197.57420175018	184.204546117488	269.64919775298	353.878065886909	332.508018639305	302.634948446841	73.4709157660886	79.6807056956482	73.3263412916863	126.368886051751	102.330066284107	73.0217280247105	0.733999796416207	0.270620152147489
3dpi.up.csv	"140"	"gene-FOXG_10034"	1434.7300453282	3.62845485441323	0.222795659751725	16.2860212737386	1.24041024148536e-59	1.12895052121474e-57	447.107360886429	481.137746991283	293.959429083502	916.012114587518	711.293791218632	600.835907308773	1257.77048167864	1597.02967247248	1227.86485649672	3711.29202224435	4621.2827567043	4000.34057536247	97.5646578344731	122.729261725244
3dpi.up.csv	"147"	"gene-FOXG_02349"	136.219773650534	5.37831239282851	0.336169186451013	15.9988262148835	1.30206840705143e-57	1.12863643827547e-55	31.3725955436378	36.8624565471233	25.3269248903551	148.735022965681	112.616561862796	107.506460321008	350.514635817275	222.424891302007	268.313810653905	136.365982382977	259.170930196413	194.604887056931	8.15822893496266	5.10344263240701
3dpi.up.csv	"154"	"gene-FOXG_00480"	665.585054224404	7.55232110822881	0.478361282448293	15.7879021261407	3.76907901568324e-56	3.11854576739194e-54	17.4240648932856	16.9885099714855	2.72245738718184	524.443844522012	1277.5401054985	670.372350444057	768.277403347853	981.990863281921	1192.52729333783	917.999750131041	922.047190567223	2015.23495466897	3.28775303823168	7.33421805206788
3dpi.up.csv	"179"	"gene-FOXG_02912"	77.1773554023602	8.92983117443332	0.59333500320137	15.0502349031356	3.44010620403956e-51	2.44881750010458e-49	11.6188464989546	0	2.72309106216474	85.1930427130112	186.755640393682	102.124146239367	130.286891579959	129.718878489378	121.086982551367	94.6340030255406	78.7369759983402	137.029183041914	0.213307355978355	0.361986683387587
3dpi.up.csv	"183"	"gene-FOXG_21891"	95.5419822522144	11.3739455199634	0.759041422183908	14.984617686922	9.25566268918065e-51	6.44457125604043e-49	0	0	0	2.66411195266101	1.23761849727235	3.850468629938	337.50667838562	272.365167640348	451.802474839384	72.7651705132724	55.1147288601879	140.038939544156	0.15145214031061	0.0909405278519224
3dpi.up.csv	"195"	"gene-FOXG_12990"	101.118680005054	5.34081402948544	0.365476942868678	14.6132721467042	2.31144374912119e-48	1.5103803205796e-46	121.97015712181	82.1130968126448	187.851945062549	109.146642600858	121.197658162751	136.773787504098	91.8586992912765	70.407128280926	141.265491592235	134.874409098578	103.293109620203	109.908244511449	2.46612349525738	2.5350269161184
3dpi.up.csv	"232"	"gene-FOXG_09125"	105.970562125825	9.75224763366373	0.707139672255933	13.7911193732801	2.88252204249629e-43	1.58315068385723e-41	11.611420403662	39.6128451357342	59.8723777342888	87.8868635847594	39.5910053367885	34.6569741342437	392.556741000318	231.579310447482	231.31228136949	110.181695571918	148.304489577487	95.6043901273873	0.0910022494290032	0.726473088567507
3dpi.up.csv	"235"	"gene-FOXG_02768"	321.731774487507	10.6008264449711	0.771826693299677	13.7347237883818	6.28954743516681e-43	3.41027291144236e-41	171.328291640042	113.247276732994	144.283848374489	210.320508786451	108.837374183149	367.911563656907	153.658719218601	155.63446399353	216.506279706793	1174.36202065052	829.002637718322	858.939564584561	0.121715480495364	0.0905780982410813
3dpi.up.csv	"319"	"gene-FOXG_13229"	89.1614390888323	10.3269014953012	0.845795718814155	12.209687594281	2.75946688515784e-34	1.10222968810913e-32	29.0269072672884	16.984035464821	43.5384624498316	63.8279115476738	70.4237298132704	115.537122213555	158.533032002423	68.5089814253129	111.785857419236	157.337555768777	194.480422209052	218.154156230826	0.121973431586027	0
3dpi.up.csv	"377"	"gene-FOXG_07527"	45.0837829230258	7.83108996478177	0.692314556225519	11.3114622455386	1.15154236851913e-29	3.89202993625221e-28	40.6925505389879	22.6862033565181	29.9714029052881	21.2774346730692	79.0791232895501	44.3564924709831	38.3987587035757	42.6237207647853	43.968949425073	70.5834361499052	109.845592761027	87.3252490595295	0.184136050845486	0.179910773224062
3dpi.up.csv	"448"	"gene-FOXG_02142"	93.7905319791615	4.44057084960012	0.421594350370184	10.5328044498249	6.09898523875433e-26	1.73467120339749e-24	26.1232850941971	19.8032967379299	8.16372956910253	87.8951414665179	124.970551991848	77.0065123495066	140.323677013531	227.868910175603	271.739620002957	82.6400212948452	69.5057087026503	157.33290277926	8.78966478711169	10.9044257432006
3dpi.up.csv	"467"	"gene-FOXG_13111"	27.4137225862195	6.82056347619424	0.65674829295139	10.3853539467046	2.89094996733831e-25	7.88789817640787e-24	0	0	0	42.6057180429711	50.7194423505383	38.5462918768454	23.3899634686333	48.192085986932	82.5768417712195	28.9615284532854	21.1702583153338	46.6906573840345	0.39625275464633	0.543075802633236
3dpi.up.csv	"469"	"gene-FOXG_16880"	211.914156772132	15.5058856478427	1.49524932911273	10.3701003879024	3.39168265264488e-25	9.21467385074649e-24	0	0	5.44911806506415	157.113218487542	330.306014029642	219.793536275814	447.802669887832	368.933646902006	530.299728107739	215.468463080647	240.458053318182	451.173746655382	0	0
3dpi.up.csv	"487"	"gene-FOXG_12988"	102.692558997327	10.7988865991935	1.06231879906567	10.1653916024938	2.82982565370621e-24	7.40403254199682e-23	124.805201968566	110.371777042545	174.142231181852	125.03459390744	109.992918750789	175.207602716475	81.7853267365583	66.6615194104614	93.4989042980193	126.319146906997	129.442156847502	120.373558108638	0.0608880867311218	0
3dpi.up.csv	"495"	"gene-FOXG_05708"	49.7689837057687	4.36989908632574	0.432811629851048	10.096538043189	5.72268471889327e-24	1.47309997349774e-22	42.9189396794836	11.7479753358863	46.7901630771286	31.3527232489295	54.9636436530763	40.4135176351785	61.7995885858363	98.3521126744168	131.501155120803	44.4982383964386	53.6491328106146	69.3987782410806	4.22484763395595	5.15495578793297
3dpi.up.csv	"539"	"gene-FOXG_07492"	21.3589584816572	7.01631102089189	0.718381646280558	9.76682945230998	1.56265821650938e-22	3.69413562054963e-21	5.80864003942771	5.66387058290902	21.7817681178794	34.6041731807808	43.2808663006072	55.8718928595045	40.0821871717557	20.3814630196122	25.680865933924	11.2978578931528	22.8551530471153	11.2919594230437	0.24377006612601	0.180951107362943
3dpi.up.csv	"566"	"gene-FOXG_09571"	23.8021212204038	5.47441328318241	0.575091975349973	9.51919609007055	1.74523896619377e-21	3.92894609668568e-20	0	5.65981445870258	8.1658847562095	34.6310164224851	38.3636224724096	26.9598923595006	40.1002712766185	53.6176601560444	73.4530212433224	7.77105830717028	24.5837226761885	17.3179160825733	0.879564344384361	1.72625253004319
3dpi.up.csv	"599"	"gene-FOXG_09638"	49.9813573001278	8.975725671694	0.963320216336307	9.31748915830961	1.19125908360743e-20	2.53406064162368e-19	34.8384340142243	14.1599610985006	13.6076707385403	26.577800293296	197.555356567076	69.3419768451702	91.7451916425278	40.7297148672361	76.9003537188112	41.6095005556407	27.0271499301188	65.4317075554592	0.214184375187411	0
3dpi.up.csv	"605"	"gene-FOXG_09643"	134.744592428054	14.053909650426	1.52036944705174	9.24374643128948	2.38014202352777e-20	5.00458245277078e-19	0	0	0	125.185643302685	277.171321869544	179.315030435094	103.61455294314	192.834399206888	196.390637329515	195.723461227703	190.562925313975	425.626322364208	0	0
3dpi.up.csv	"695"	"gene-FOXG_04398"	16.1101716649862	5.42668285266902	0.626398270129816	8.66331072648778	4.58257102582736e-18	8.40160000159601e-17	5.85898759051294	2.85588692578335	0	21.4921659595249	24.9608490313788	9.71582873004708	15.167438572454	26.1706799931681	16.6647796158613	26.3642670106277	40.3049755541224	35.0866027336483	0.442537084324461	0.457404508352935
3dpi.up.csv	"721"	"gene-FOXG_09629"	28.9560951443545	8.85084532198487	1.04284865656445	8.48718101737117	2.11709861003233e-17	3.7414799568699e-16	0	0	2.72307272611953	7.98832032169623	90.3022315965758	44.3161709104836	45.1049730305402	27.7985488479373	53.217609807031	31.0779550153159	49.966719627643	52.7078166256249	0.0913442305320058	0.0905692814629708
3dpi.up.csv	"736"	"gene-FOXG_12993"	45.7393114355482	5.99878555402442	0.713085278158067	8.41243780760637	4.01575763752194e-17	6.95228040995985e-16	58.0841137535942	42.4761615029329	68.0655884825896	66.5491878817608	69.2521188704544	50.0895452556476	13.3609574830301	48.173912706958	25.6824703708649	76.2620412106442	68.5715854617439	52.6957784694663	0.0913814663733755	0.995517181614333
3dpi.up.csv	"742"	"gene-FOXG_14489"	70.3870510065861	12.421487130893	1.47860001554983	8.40084336552231	4.432833580708e-17	7.61228645355543e-16	29.0488213714044	36.8232635629768	51.7415373872974	79.8652066562147	96.4659854902939	71.2993313488101	50.1097577785498	61.1544936117448	47.6976779258347	111.581715190336	172.695799129517	176.935124639226	0	0
3dpi.up.csv	"757"	"gene-FOXG_16915"	84.8849266234998	13.2323960825648	1.59033680285264	8.32049919163624	8.75936098336079e-17	1.4743960059443e-15	0	0	0	50.5943372790783	184.325401590934	34.7425119423815	105.294940103438	70.4916846267586	102.726022700507	143.443537411915	159.921184383998	336.849352689987	0	0
3dpi.up.csv	"772"	"gene-FOXG_13415"	72.2092197740926	13.6359559031143	1.65153739339016	8.25652265439985	1.49977773001808e-16	2.47541034143658e-15	0	0	0	34.623715589115	266.019878139227	54.0010763595007	88.5756126885482	109.408885737452	170.671286283744	71.3657467663694	55.0388155763842	161.224059696955	0	0
3dpi.up.csv	"842"	"gene-FOXG_17404"	48.989095078504	12.774774459497	1.60990064086841	7.93513222816413	2.10271179838358e-15	3.18203726068926e-14	0	0	0	53.2392201662532	221.367470034124	44.4540382743289	51.8178695220373	70.5355298174254	80.6532390676046	38.8663184278573	39.7198177165998	85.193828072825	0	0
3dpi.up.csv	"879"	"gene-FOXG_17401"	50.3104310295891	10.6439069731758	1.36774914030898	7.78206080302951	7.13525576443402e-15	1.0345029910605e-13	69.665423801849	28.3076325161469	103.404844177176	50.5281915678508	63.0079643881292	102.059786297776	36.7118950323331	31.476816604246	49.4760301073156	81.1358046820441	38.8930233929288	49.6481213413947	0.0305005050574892	0
3dpi.up.csv	"913"	"gene-FOXG_16909"	15.9690581786347	12.2792896401122	1.60706579882214	7.64081324430645	2.15853964569644e-14	3.01249859424578e-13	11.6160464488845	2.83154885229572	2.72244233075224	31.9416682692819	8.65598787751335	17.3375163677964	31.7302887017609	46.3180791085617	66.0367324422328	2.11825790934905	0	2.25824619245692	0	0
3dpi.up.csv	"924"	"gene-FOXG_09624"	19.9268779068902	5.83861898102897	0.771378732793648	7.56906916513456	3.7590798318414e-14	5.18378736118215e-13	20.3211380974679	36.786925473266	43.5457944035377	21.3046714412216	18.5572380909364	9.62762771055021	15.0337234020246	24.0845807399525	5.50694299028131	32.4885663368061	33.0464847258573	18.0669921728966	0.151747057507435	0.453858054157166
3dpi.up.csv	"940"	"gene-FOXG_09819"	30.1589566033594	5.5862777841699	0.745818371710548	7.49013164070719	6.88045686297291e-14	9.3266788668086e-13	14.5108081610569	2.82833339116102	24.4879204083566	111.883249025578	96.5259213264808	25.0224780399561	41.7656004991849	16.6727358946198	23.8745224999824	16.9530170424995	26.2852261232073	20.3252366781857	0.726474113221476	0.363869243541609
3dpi.up.csv	"945"	"gene-FOXG_01306"	68.4127917073671	2.33824682827481	0.313181989783007	7.46609608647962	8.26090337330523e-14	1.11386699240905e-12	148.111352667153	101.939084849919	103.457701400243	71.8746916668151	89.040328075739	65.4999565051995	90.1872918148769	85.2303355711047	82.5535714334152	38.1314239105596	25.3981040406465	22.5838974859895	20.4655574712932	13.3057870101856
3dpi.up.csv	"986"	"gene-FOXG_12170"	25.5410521547046	7.10845102941081	0.972907760506568	7.30639770589313	2.74399220218307e-13	3.54603941584347e-12	8.71476729914048	2.83294341138409	10.892938125639	79.8386703041439	74.180309936969	63.5950628737423	8.34970039165751	12.9706637217945	7.33497121875088	26.8296207746769	35.5357042549235	26.3479828994195	0.0610563634145552	0.0903385902080848
3dpi.up.csv	"992"	"gene-FOXG_14504"	25.8239727187837	8.72335134233466	1.1983756204025	7.2793130916705	3.35524173310463e-13	4.30972683096967e-12	23.2227067129698	14.1552615869622	19.0488450450189	13.2950140596358	92.6459157242326	59.6990656536879	30.034349264587	9.25762152012407	40.3061225710859	8.46554715196719	21.9774972837861	29.3361015396724	0.0915699492418537	0
3dpi.up.csv	"1021"	"gene-FOXG_17496"	32.7748910651957	8.872371886419	1.23335156885612	7.19370868003818	6.30546594161065e-13	7.8691720889327e-12	14.5111235882421	8.48843129522257	2.72080728941531	10.6441918997313	29.6690864926118	11.5507316803487	31.7181729657195	11.1108747012168	18.3399762395667	118.5784137374	59.2510984676185	142.204767563703	0.0607989919437977	0
3dpi.up.csv	"1135"	"gene-FOXG_09583"	36.7906160476199	10.516223460519	1.54421611171065	6.81007236018886	9.75496672012421e-12	1.09513467795438e-10	0	0	0	66.6004075659247	25.9893004573858	63.5785810761353	21.7242238027903	9.26767208230129	11.0171545351754	97.5047886381451	116.960755668076	102.425740840744	0	0
3dpi.up.csv	"1149"	"gene-FOXG_17421"	20.2637766517825	10.2940810694958	1.52368378241079	6.75604819604263	1.41806264601544e-11	1.57258087341416e-10	0	5.66394669377643	2.72164274769173	15.9491026473394	83.9736427550129	71.2695177587169	18.3511941831092	24.0694503282606	49.4450359331392	1.41066259482637	2.53436106321269	8.27373175981309	0.0305846600561776	0
3dpi.up.csv	"1244"	"gene-FOXG_01101"	210.729189455891	2.65328589305988	0.409727554050887	6.47573214646518	9.43532977981087e-11	9.66438682108924e-10	107.791403703734	164.692863059876	226.694653027543	187.118639829008	104.311956634513	193.227255632331	209.251227442157	351.421255590057	224.807709254458	309.785923661781	426.181594042598	361.476329890051	24.5967009996092	58.8511396147507
3dpi.up.csv	"1280"	"gene-FOXG_15839"	13.1131958530652	6.84450712241155	1.06870617297762	6.4044798238055	1.50882904354416e-10	1.5019921619406e-09	0	0	0	0	25.9860706603185	3.85131760202609	16.7072874717106	16.6762957917532	29.3782822486716	21.8986986302332	28.8189084184054	39.9042048449954	0.182010909493024	0.181665365305933
3dpi.up.csv	"1323"	"gene-FOXG_12014"	17.213030408261	6.44441522984253	1.02858436108145	6.26532492003561	3.7204880933479e-10	3.58325467010121e-09	2.90970677201608	5.67645238072652	0	23.9762531163821	28.4652997240556	11.5827191764449	21.7355021052884	7.42229961555879	27.5298077137358	38.1716996452336	33.0189930329964	39.9521321543848	0	0.541560278830282
3dpi.up.csv	"1380"	"gene-FOXG_17514"	51.2744544574108	3.73632652458825	0.612203189677331	6.10308242032768	1.04042155525973e-09	9.60655902689822e-09	113.274110717419	59.4862611996368	117.07966556298	66.5095770580133	71.6834072412996	40.4641736335062	83.4730612711007	81.5114506429963	67.8219965296796	2.82334414506078	0	2.25784232294675	9.65233185864693	1.80514022046367
3dpi.up.csv	"1404"	"gene-FOXG_11081"	20.9936404542252	3.13223869359927	0.51846229578864	6.04140111834899	1.52781628352101e-09	1.38656945047185e-08	23.2321476294198	2.83143109496469	16.3347833992561	23.9592985903244	25.971221295812	30.8218198776338	40.0839927820826	29.6450259326713	34.8583447983889	12.7107491063337	22.0138512382922	23.3366777331488	2.67897305870632	5.43264982211754
3dpi.up.csv	"1480"	"gene-FOXG_03928"	17.1481123164619	9.97935228341544	1.71175019653974	5.82991157447415	5.54567546649887e-09	4.77452681041409e-08	0	0	0	45.2704350559139	32.1653719918636	28.9472136386149	25.0698725836507	1.85490479426951	1.83455941860806	38.8636991774467	32.158367469324	33.9091483007748	0	0
3dpi.up.csv	"1526"	"gene-FOXG_13239"	8.87868103078806	8.34847117150233	1.45941949451465	5.72040540974048	1.06270177868262e-08	8.87349021230268e-08	2.90697485262883	0	0	10.6599738323236	13.6185227670804	21.2114284530123	8.35964120711366	5.56420971207889	11.019836993013	14.1379768992398	25.4285918024839	11.3037222338693	0	0.0906556781892196
3dpi.up.csv	"1558"	"gene-FOXG_11030"	5.95454643834586	8.45085681805096	1.49716178598526	5.64458490535781	1.65580252363152e-08	1.35418714737566e-07	0	2.82894841878869	2.72049419165744	13.3060106840886	0	3.84967846705899	23.3713954368286	7.40683961572039	12.8393639224876	4.94081937009566	6.77269484570247	5.26665681507358	0.060748369340107	0
3dpi.up.csv	"1855"	"gene-FOXG_12336"	6.74424087963116	3.86367190093573	0.772821766094024	4.99943463091549	5.74986612502601e-07	3.94958459110951e-06	2.90345721766591	0	0	5.32694854601187	6.18665306855179	3.85163352309847	6.68264231684332	9.26468197638239	5.50774394648746	15.5403042576807	17.7968243731168	20.3283886249562	0.394608176204611	0.635486287836689
3dpi.up.csv	"1882"	"gene-FOXG_15742"	17.9356350102842	6.95770727414964	1.40998511585029	4.9345962563256	8.03167283455056e-07	5.43780952485883e-06	8.72432879149744	0	0	10.6424727410719	166.866788902676	30.8732611693071	8.35090132742828	5.56214368421565	12.8282340558637	0.706113508534205	3.38072314599909	3.01253060526606	0.0614499154666526	0.0899422966529678
3dpi.up.csv	"1886"	"gene-FOXG_13331"	44.0740905817849	2.19035843896246	0.444426429533069	4.92850625752328	8.28606812547301e-07	5.59814846525859e-06	78.3987775062731	62.2782503079394	122.497060372724	66.5620913069952	80.3970765659272	67.4121521479225	33.4051170218969	27.7913819536498	33.030179207646	12.7115332139864	11.0100177574568	7.5279446422708	4.40931790000989	9.60636824029101
3dpi.up.csv	"1979"	"gene-FOXG_04146"	10.107148039314	2.98948072746278	0.62564586623706	4.77823140659904	1.76843789554332e-06	1.1386273706424e-05	3.03803214760373	8.37711511227959	13.4195159496446	8.34557972499682	18.2718921683275	13.2957548040546	11.5183826664463	9.68749755957997	12.6459818715644	15.4156952523435	14.1688754603312	10.3855571198831	1.11460726450993	1.81558544883143
3dpi.up.csv	"2029"	"gene-FOXG_14778"	5.83149016376288	5.88527257395566	1.24808611489259	4.71543790426846	2.41191445161524e-06	1.51466801096508e-05	11.6099404963334	5.66028901873515	2.72100104701896	5.32036416206312	14.8298027964988	5.77619815387089	1.66903791323579	3.70338159458045	9.16596225503718	5.64536682645157	10.1514547925903	5.26625598506236	0.121807251202371	0
3dpi.up.csv	"2048"	"gene-FOXG_17608"	3.7864925434521	7.84694118694936	1.67403704212597	4.68743581503072	2.76649424832942e-06	1.72122410704167e-05	0	0	8.16304298602423	0	1.23579624150611	5.77624962239728	13.352165796644	7.40674329696537	7.33259881030104	1.41132612771451	6.7674265331914	1.50463671682789	0.0609094767575405	0
3dpi.up.csv	"2084"	"gene-FOXG_04884"	6.1985872831673	7.41380193582965	1.60499098946309	4.61921716975479	3.85190536975816e-06	2.35513331197018e-05	11.6085177355627	5.65868400877698	5.44144620565735	5.32214680718272	23.4882372406031	11.5502883420602	5.00811804400644	0	7.33614576333293	4.94075965939721	3.38589698761606	3.00958772426672	0.030393445879873	0
3dpi.up.csv	"2127"	"gene-FOXG_18506"	14.1976912916987	3.60302165086811	0.792492191946479	4.54644435299551	5.45597864161114e-06	3.26845697467838e-05	5.80629936185175	0	0	13.318301577064	56.9210429538788	25.0323902659886	23.3896730946464	12.9700339035785	7.34452535849675	12.7150975220094	16.952360303018	21.8337418070143	0.758260122521003	1.72595181371456
3dpi.up.csv	"2163"	"gene-FOXG_04992"	9.78232075439709	4.3689635912145	0.974844034577658	4.48170521257517	7.40489815709495e-06	4.36214573822024e-05	0	5.66186867739605	19.0560786014612	7.98813974106502	27.2136507966867	23.1137792488362	18.3742021095171	3.705752712921	9.17593247399487	9.18125597795293	3.38806517907534	9.0341430492087	0.334468903403819	0.725153090040342
3dpi.up.csv	"2365"	"gene-FOXG_05597"	4.19213945898507	9.13397564514078	2.16223228988717	4.22432672375706	2.39656158677851e-05	0.000129120455554891	0	0	2.72407762760816	5.32506522391879	19.7906137700567	3.85532772974049	3.34127892424971	12.9753855546369	0	0.706342105593008	8.46568694588541	1.50617454410191	0	0
3dpi.up.csv	"2436"	"gene-FOXG_13096"	65.8112915002733	3.78786596059162	0.913846341861368	4.14497031620907	3.39857732597494e-05	0.000177769590671481	55.2325578440944	14.1718511628438	92.0706057741447	29.3118075480487	140.939684488803	36.6384594912329	1.67180287903324	46.3665852247098	12.8547310056732	189.787487347824	150.55051021735	148.848253897358	1.55450349433467	1.35924062837497
3dpi.up.csv	"2485"	"gene-FOXG_10929"	2.60140658556048	6.33017922828307	1.5533418577321	4.07520031522568	4.59747547212276e-05	0.000235738561230536	0	0	0	0	2.47335901924786	0	5.00951781011753	5.55630453681846	3.6697663135325	6.35424649350797	4.2347820706101	9.03064526387626	0.0910706901359718	0
3dpi.up.csv	"2600"	"gene-FOXG_14599"	8.16118664467478	4.82901257692759	1.22397535809946	3.94535114205721	7.96831217548739e-05	0.000390508591307924	14.5219545844608	0	0	5.3143497998221	4.93780360086549	9.63557664188856	5.00407901736144	1.85166634288908	7.32090176056686	31.0289111931377	18.5697390228174	15.7954431155794	0.276187946058114	0
3dpi.up.csv	"2691"	"gene-FOXG_17727"	3.10126032275435	7.67110298681407	1.99407222816192	3.8469534244931	0.000119595693475721	0.000566290719534609	0	0	0	0	8.65394559308454	0	18.3646377024997	1.85202253148755	3.66808739655889	2.82351492999616	4.2321879014626	3.76241691697465	0.0608315464968759	0
3dpi.up.csv	"2864"	"gene-FOXG_03190"	4.64718568477231	4.82601093971062	1.31289324456577	3.67585937370467	0.000237050082562034	0.00105464111452704	0	0	0	7.99106096335572	4.94971682778398	5.77782751673611	18.3786644421927	12.9714860643306	1.83606775373295	9.89004097594536	1.69508435393197	0.752958411756825	0.182129870341253	0.635562406704812
3dpi.up.csv	"3020"	"gene-FOXG_11757"	5.4247719614944	3.38377348557532	0.960879408182698	3.52153814178932	0.000429050940279643	0.00181025400034543	0	2.83047647160774	2.72197503003559	0	2.4739312238009	7.70353365740666	5.01091716415713	3.70544855032142	5.50565105595414	15.5368554829425	8.47061650091625	21.0781921140675	0.455841740870538	0.453368468841136
3dpi.up.csv	"3140"	"gene-FOXG_14550"	3.19819136483018	5.49231319453514	1.60735224431123	3.41699413676973	0.000633166432360534	0.00256936518507577	0	0	2.72213718808314	0	4.94876766105344	1.9259538547551	3.34110007539092	14.8233175812686	1.83562206055199	1.41265397717409	12.7092894386276	0.752880833265738	0.121501951338672	0.181454486113135
3dpi.up.csv	"3155"	"gene-FOXG_15829"	26.2943085256536	2.087526703714	0.613768166589289	3.40116483282993	0.000670993550345526	0.00270992070317042	14.5141947731059	33.9535441792216	16.3287476465875	61.2548287005914	19.7956120025474	23.1044869136459	15.0341236712598	20.3789516997186	16.5224506023985	45.2028706905419	57.6276105578666	36.1339385778223	2.45693905711474	5.81202028672797
3dpi.up.csv	"3371"	"gene-FOXG_08721"	10.6687327877154	3.27065761127817	1.01798972782017	3.21285914965139	0.0013142072209906	0.0049675551497663	26.1189295769533	2.82823624088951	2.72083025656668	21.3115306551519	19.8005823966286	3.84951419896994	18.3770207081806	1.85251706047193	18.3655969105756	12.0085050397627	12.7192330095198	6.77507573357979	1.8158615984501	0.81882564231522
3dpi.up.csv	"3619"	"gene-FOXG_10185"	5.23436367100376	6.97131528009168	2.31115249455483	3.01638048398641	0.0025581204156632	0.00900678926122698	0	5.66629203251622	0	5.32436115227604	39.5759775705116	3.8546879614544	0	3.70669369873124	0	2.82497282594436	2.53941644981661	9.78868970280208	0	0
3dpi.up.csv	"3644"	"gene-FOXG_06039"	7.66606848965329	5.47357232202199	1.82364835840711	3.00144065427336	0.00268705409994564	0.00939584065354209	23.2127952406652	8.48810967634247	0	18.6139285539867	19.7652948565244	5.7745031110011	0	5.55319139906027	0	11.2865433064134	2.53672428607472	12.0329619948026	0.0609064302752076	0
3dpi.up.csv	"3669"	"gene-FOXG_14383"	5.35169412777182	3.13520039927039	1.05060666020906	2.98418096706765	0.00284338547849494	0.00987473910247546	8.711499496946	11.3239791635929	5.44464267697002	5.32531515720599	1.23695881028467	0	0	12.9701170384351	18.3513241392709	2.82496588423539	3.38792971043613	3.01136657600794	1.42928435733475	0.906334778085723
7dpi.up.csv	"3"	"gene-FOXG_10748"	1535.37401633617	7.72989584148685	0.185703350245678	41.6249670846568	0	0	549.24344472328	682.843409683478	550.323321811538	1126.9162536374	716.590591648423	752.582058316002	1465.79864777262	1600.1191966314	1518.38788526586	3886.26512426917	4622.18013267142	3984.72427257225	19.4158603777416	19.8460293257651
7dpi.up.csv	"13"	"gene-FOXG_10800"	573.940005500222	8.35915760971018	0.314411843061344	26.5866499439693	9.68604864830669e-156	9.74640018219229e-153	513.971198479097	535.068983095475	588.01050868929	729.486023883643	528.12266836608	851.36876883757	514.428583323494	426.139253593453	469.728330097864	964.642066374324	856.998206310014	1050.90191686364	1.67318906803597	4.62038002112851
7dpi.up.csv	"24"	"gene-FOXG_10034"	1434.7300453282	5.22350633447845	0.221036251807486	23.6318988028621	1.81207836830836e-123	9.87658213993403e-121	447.107360886429	481.137746991283	293.959429083502	916.012114587518	711.293791218632	600.835907308773	1257.77048167864	1597.02967247248	1227.86485649672	3711.29202224435	4621.2827567043	4000.34057536247	97.5646578344731	122.729261725244
7dpi.up.csv	"40"	"gene-FOXG_12989"	216.092632024424	9.24284951710647	0.426241813322478	21.6845209179741	2.87232105325308e-104	9.39320792440087e-102	275.77480664242	265.977854084648	340.187973896589	292.95233527342	212.79891617478	294.589105402884	148.66960252625	159.327068285718	222.128688880749	345.375034857299	254.228837390847	212.286969988467	0.364050986143936	0.635603951725519
7dpi.up.csv	"42"	"gene-FOXG_10214"	132.984798634016	9.55857822988477	0.441868099856685	21.6321980088288	8.94195678975477e-104	2.78499373254243e-101	52.3194793659613	121.940293235115	92.6396632582633	111.705445742302	80.3139750179062	107.999688768575	151.924893700928	155.669577463721	179.537198563125	273.862429099124	285.592461794091	247.672489200472	0.429687130040091	0.179898536606594
7dpi.up.csv	"89"	"gene-FOXG_17428"	154.975160118304	7.42032483870798	0.391808442342539	18.9386548037185	5.47788595551465e-80	8.05126136899856e-78	197.57420175018	184.204546117488	269.64919775298	353.878065886909	332.508018639305	302.634948446841	73.4709157660886	79.6807056956482	73.3263412916863	126.368886051751	102.330066284107	73.0217280247105	0.733999796416207	0.270620152147489
7dpi.up.csv	"123"	"gene-FOXG_02768"	321.731774487507	13.0460763983656	0.767596706867732	16.9960036066356	8.7912752906335e-65	9.34948553469731e-63	171.328291640042	113.247276732994	144.283848374489	210.320508786451	108.837374183149	367.911563656907	153.658719218601	155.63446399353	216.506279706793	1174.36202065052	829.002637718322	858.939564584561	0.121715480495364	0.0905780982410813
7dpi.up.csv	"133"	"gene-FOXG_00480"	665.585054224404	7.94214825720813	0.477473790336666	16.6336842313546	3.97389550069591e-62	3.90846068004536e-60	17.4240648932856	16.9885099714855	2.72245738718184	524.443844522012	1277.5401054985	670.372350444057	768.277403347853	981.990863281921	1192.52729333783	917.999750131041	922.047190567223	2015.23495466897	3.28775303823168	7.33421805206788
7dpi.up.csv	"165"	"gene-FOXG_12990"	101.118680005054	5.54017325980667	0.354848325268158	15.6127924673731	5.95715297619412e-55	4.72275867161184e-53	121.97015712181	82.1130968126448	187.851945062549	109.146642600858	121.197658162751	136.773787504098	91.8586992912765	70.407128280926	141.265491592235	134.874409098578	103.293109620203	109.908244511449	2.46612349525738	2.5350269161184
7dpi.up.csv	"199"	"gene-FOXG_02912"	77.1773554023602	8.63460225312989	0.589443628290063	14.6487328706535	1.37251503569932e-48	9.02204481506673e-47	11.6188464989546	0	2.72309106216474	85.1930427130112	186.755640393682	102.124146239367	130.286891579959	129.718878489378	121.086982551367	94.6340030255406	78.7369759983402	137.029183041914	0.213307355978355	0.361986683387587
7dpi.up.csv	"202"	"gene-FOXG_02349"	136.219773650534	4.86375077157141	0.333748250262262	14.5731124215616	4.16475567712256e-48	2.69698856497229e-46	31.3725955436378	36.8624565471233	25.3269248903551	148.735022965681	112.616561862796	107.506460321008	350.514635817275	222.424891302007	268.313810653905	136.365982382977	259.170930196413	194.604887056931	8.15822893496266	5.10344263240701
7dpi.up.csv	"258"	"gene-FOXG_07527"	45.0837829230258	8.92969632229033	0.674941707258912	13.2303223022856	5.8635391223578e-40	2.9729052426187e-38	40.6925505389879	22.6862033565181	29.9714029052881	21.2774346730692	79.0791232895501	44.3564924709831	38.3987587035757	42.6237207647853	43.968949425073	70.5834361499052	109.845592761027	87.3252490595295	0.184136050845486	0.179910773224062
7dpi.up.csv	"263"	"gene-FOXG_13229"	89.1614390888323	11.0737928465055	0.840976141500034	13.1677847920315	1.34485925453213e-39	6.689012892979e-38	29.0269072672884	16.984035464821	43.5384624498316	63.8279115476738	70.4237298132704	115.537122213555	158.533032002423	68.5089814253129	111.785857419236	157.337555768777	194.480422209052	218.154156230826	0.121973431586027	0
7dpi.up.csv	"332"	"gene-FOXG_21891"	95.5419822522144	9.38874314034442	0.760663188110508	12.3428388373389	5.32448470952121e-35	2.09787905076045e-33	0	0	0	2.66411195266101	1.23761849727235	3.850468629938	337.50667838562	272.365167640348	451.802474839384	72.7651705132724	55.1147288601879	140.038939544156	0.15145214031061	0.0909405278519224
7dpi.up.csv	"356"	"gene-FOXG_09125"	105.970562125825	8.47855262016325	0.707264125789502	11.98781658931	4.11612053810338e-33	1.51244305502613e-31	11.611420403662	39.6128451357342	59.8723777342888	87.8868635847594	39.5910053367885	34.6569741342437	392.556741000318	231.579310447482	231.31228136949	110.181695571918	148.304489577487	95.6043901273873	0.0910022494290032	0.726473088567507
7dpi.up.csv	"459"	"gene-FOXG_12988"	102.692558997327	11.434608209039	1.05708768459847	10.8170858251767	2.85718075907898e-27	8.14265392364098e-26	124.805201968566	110.371777042545	174.142231181852	125.03459390744	109.992918750789	175.207602716475	81.7853267365583	66.6615194104614	93.4989042980193	126.319146906997	129.442156847502	120.373558108638	0.0608880867311218	0
7dpi.up.csv	"485"	"gene-FOXG_04398"	16.1101716649862	6.2404631829295	0.585670026574592	10.6552544944601	1.64793313405395e-26	4.44466254155871e-25	5.85898759051294	2.85588692578335	0	21.4921659595249	24.9608490313788	9.71582873004708	15.167438572454	26.1706799931681	16.6647796158613	26.3642670106277	40.3049755541224	35.0866027336483	0.442537084324461	0.457404508352935
7dpi.up.csv	"510"	"gene-FOXG_12993"	45.7393114355482	7.18484276336513	0.688328425255831	10.4381026552764	1.66097217234109e-25	4.26023078164585e-24	58.0841137535942	42.4761615029329	68.0655884825896	66.5491878817608	69.2521188704544	50.0895452556476	13.3609574830301	48.173912706958	25.6824703708649	76.2620412106442	68.5715854617439	52.6957784694663	0.0913814663733755	0.995517181614333
7dpi.up.csv	"571"	"gene-FOXG_16880"	211.914156772132	14.9354960654414	1.49491602357635	9.99085957330945	1.67126140045691e-23	3.82868132738649e-22	0	0	5.44911806506415	157.113218487542	330.306014029642	219.793536275814	447.802669887832	368.933646902006	530.299728107739	215.468463080647	240.458053318182	451.173746655382	0	0
7dpi.up.csv	"602"	"gene-FOXG_09643"	134.744592428054	14.7756636252689	1.51853271105553	9.730224128658	2.24098642466242e-22	4.87475591782497e-21	0	0	0	125.185643302685	277.171321869544	179.315030435094	103.61455294314	192.834399206888	196.390637329515	195.723461227703	190.562925313975	425.626322364208	0	0
7dpi.up.csv	"635"	"gene-FOXG_12170"	25.5410521547046	8.74025934776824	0.913571774053637	9.56712936629661	1.0991512950136e-21	2.26425166772801e-20	8.71476729914048	2.83294341138409	10.892938125639	79.8386703041439	74.180309936969	63.5950628737423	8.34970039165751	12.9706637217945	7.33497121875088	26.8296207746769	35.5357042549235	26.3479828994195	0.0610563634145552	0.0903385902080848
7dpi.up.csv	"646"	"gene-FOXG_14489"	70.3870510065861	13.9581035619454	1.47184999159727	9.48337374163917	2.46191831717674e-21	4.98519404132956e-20	29.0488213714044	36.8232635629768	51.7415373872974	79.8652066562147	96.4659854902939	71.2993313488101	50.1097577785498	61.1544936117448	47.6976779258347	111.581715190336	172.695799129517	176.935124639226	0	0
7dpi.up.csv	"647"	"gene-FOXG_13111"	27.4137225862195	6.15592347465795	0.65086593261572	9.45805144527743	3.1373492204343e-21	6.34307034814545e-20	0	0	0	42.6057180429711	50.7194423505383	38.5462918768454	23.3899634686333	48.192085986932	82.5768417712195	28.9615284532854	21.1702583153338	46.6906573840345	0.39625275464633	0.543075802633236
7dpi.up.csv	"663"	"gene-FOXG_17496"	32.7748910651957	11.2525380749984	1.21069919707845	9.29424757375903	1.48251036204289e-20	2.92499518037451e-19	14.5111235882421	8.48843129522257	2.72080728941531	10.6441918997313	29.6690864926118	11.5507316803487	31.7181729657195	11.1108747012168	18.3399762395667	118.5784137374	59.2510984676185	142.204767563703	0.0607989919437977	0
7dpi.up.csv	"672"	"gene-FOXG_09624"	19.9268779068902	6.7444109069502	0.728607000875064	9.25658262801496	2.11079835513211e-20	4.10883233385166e-19	20.3211380974679	36.786925473266	43.5457944035377	21.3046714412216	18.5572380909364	9.62762771055021	15.0337234020246	24.0845807399525	5.50694299028131	32.4885663368061	33.0464847258573	18.0669921728966	0.151747057507435	0.453858054157166
7dpi.up.csv	"675"	"gene-FOXG_00102"	128.580364919274	3.55964311719312	0.384815155905249	9.25026746625747	2.23931609474407e-20	4.33962871634773e-19	67.1629225365044	34.1526891701374	35.59006088796	89.198415749166	77.9221438237089	34.8619657626961	88.4239790913929	51.7276907627671	76.8317438978123	364.445826464461	387.99579293186	425.446797826294	44.0787228343588	22.2863571307127
7dpi.up.csv	"700"	"gene-FOXG_16915"	84.8849266234998	14.4327603391588	1.58692251034194	9.09481102265598	9.47511026574603e-20	1.77062739123177e-18	0	0	0	50.5943372790783	184.325401590934	34.7425119423815	105.294940103438	70.4916846267586	102.726022700507	143.443537411915	159.921184383998	336.849352689987	0	0
7dpi.up.csv	"723"	"gene-FOXG_05064"	11.5178775402205	6.67911736516185	0.744311849395176	8.9735470026297	2.8711617175817e-19	5.19469798446558e-18	2.90389716429187	19.8205036636938	8.16698200077679	0	6.18221796202519	3.85266160929675	0	3.70521225602427	3.66826621832365	40.9494530845887	32.162994481241	39.1401872402205	0.426497759507334	0.271412123096919
7dpi.up.csv	"748"	"gene-FOXG_09583"	36.7906160476199	13.4176700181972	1.51724341284088	8.84345247745975	9.28054841204391e-19	1.62297932858217e-17	0	0	0	66.6004075659247	25.9893004573858	63.5785810761353	21.7242238027903	9.26767208230129	11.0171545351754	97.5047886381451	116.960755668076	102.425740840744	0	0
7dpi.up.csv	"780"	"gene-FOXG_09638"	49.9813573001278	8.33246260215158	0.96029914719711	8.67694470673238	4.06542636957247e-18	6.8179285051766e-17	34.8384340142243	14.1599610985006	13.6076707385403	26.577800293296	197.555356567076	69.3419768451702	91.7451916425278	40.7297148672361	76.9003537188112	41.6095005556407	27.0271499301188	65.4317075554592	0.214184375187411	0
7dpi.up.csv	"798"	"gene-FOXG_09629"	28.9560951443545	8.93403481374452	1.0344282049494	8.63668911094851	5.78655756530198e-18	9.48545858542798e-17	0	0	2.72307272611953	7.98832032169623	90.3022315965758	44.3161709104836	45.1049730305402	27.7985488479373	53.217609807031	31.0779550153159	49.966719627643	52.7078166256249	0.0913442305320058	0.0905692814629708
7dpi.up.csv	"822"	"gene-FOXG_07492"	21.3589584816572	6.07765857448424	0.713104950188793	8.52281080488249	1.55727054852003e-17	2.47818200063145e-16	5.80864003942771	5.66387058290902	21.7817681178794	34.6041731807808	43.2808663006072	55.8718928595045	40.0821871717557	20.3814630196122	25.680865933924	11.2978578931528	22.8551530471153	11.2919594230437	0.24377006612601	0.180951107362943
7dpi.up.csv	"868"	"gene-FOXG_05708"	49.7689837057687	3.57920115793147	0.430442653281471	8.31516377534965	9.16256501691104e-17	1.38082388232965e-15	42.9189396794836	11.7479753358863	46.7901630771286	31.3527232489295	54.9636436530763	40.4135176351785	61.7995885858363	98.3521126744168	131.501155120803	44.4982383964386	53.6491328106146	69.3987782410806	4.22484763395595	5.15495578793297
7dpi.up.csv	"891"	"gene-FOXG_17401"	50.3104310295891	11.1752870094308	1.35962410039569	8.21939461515755	2.04533000106847e-16	3.00280154253385e-15	69.665423801849	28.3076325161469	103.404844177176	50.5281915678508	63.0079643881292	102.059786297776	36.7118950323331	31.476816604246	49.4760301073156	81.1358046820441	38.8930233929288	49.6481213413947	0.0305005050574892	0
7dpi.up.csv	"925"	"gene-FOXG_02142"	93.7905319791615	3.3947214201088	0.420824304518347	8.06683783151313	7.2142270895326e-16	1.02020869792623e-14	26.1232850941971	19.8032967379299	8.16372956910253	87.8951414665179	124.970551991848	77.0065123495066	140.323677013531	227.868910175603	271.739620002957	82.6400212948452	69.5057087026503	157.33290277926	8.78966478711169	10.9044257432006
7dpi.up.csv	"927"	"gene-FOXG_13415"	72.2092197740926	13.2787086673316	1.65016565580637	8.04689433488591	8.49214405794429e-16	1.19833588373214e-14	0	0	0	34.623715589115	266.019878139227	54.0010763595007	88.5756126885482	109.408885737452	170.671286283744	71.3657467663694	55.0388155763842	161.224059696955	0	0
7dpi.up.csv	"992"	"gene-FOXG_17404"	48.989095078504	12.4662265331669	1.60723789788187	7.75630449580351	8.74399368588807e-15	1.15302602222885e-13	0	0	0	53.2392201662532	221.367470034124	44.4540382743289	51.8178695220373	70.5355298174254	80.6532390676046	38.8663184278573	39.7198177165998	85.193828072825	0	0
7dpi.up.csv	"998"	"gene-FOXG_01101"	210.729189455891	3.13643900231412	0.405766362282699	7.72966735012142	1.07827973627564e-14	1.4133243717657e-13	107.791403703734	164.692863059876	226.694653027543	187.118639829008	104.311956634513	193.227255632331	209.251227442157	351.421255590057	224.807709254458	309.785923661781	426.181594042598	361.476329890051	24.5967009996092	58.8511396147507
7dpi.up.csv	"1003"	"gene-FOXG_13096"	65.8112915002733	6.80220493276777	0.881449570006906	7.71706648256062	1.19037570245041e-14	1.55247303726359e-13	55.2325578440944	14.1718511628438	92.0706057741447	29.3118075480487	140.939684488803	36.6384594912329	1.67180287903324	46.3665852247098	12.8547310056732	189.787487347824	150.55051021735	148.848253897358	1.55450349433467	1.35924062837497
7dpi.up.csv	"1006"	"gene-FOXG_12336"	6.74424087963116	5.1881553745412	0.673545770148229	7.70275102967305	1.3316766490236e-14	1.73157676400374e-13	2.90345721766591	0	0	5.32694854601187	6.18665306855179	3.85163352309847	6.68264231684332	9.26468197638239	5.50774394648746	15.5403042576807	17.7968243731168	20.3283886249562	0.394608176204611	0.635486287836689
7dpi.up.csv	"1081"	"gene-FOXG_12014"	17.213030408261	7.41424866069826	1.00342149757534	7.38896732690498	1.47973520437379e-13	1.79060279448784e-12	2.90970677201608	5.67645238072652	0	23.9762531163821	28.4652997240556	11.5827191764449	21.7355021052884	7.42229961555879	27.5298077137358	38.1716996452336	33.0189930329964	39.9521321543848	0	0.541560278830282
7dpi.up.csv	"1172"	"gene-FOXG_09819"	30.1589566033594	5.20527016420936	0.732440191258188	7.10675114000466	1.1880637451441e-12	1.32602916810836e-11	14.5108081610569	2.82833339116102	24.4879204083566	111.883249025578	96.5259213264808	25.0224780399561	41.7656004991849	16.6727358946198	23.8745224999824	16.9530170424995	26.2852261232073	20.3252366781857	0.726474113221476	0.363869243541609
7dpi.up.csv	"1193"	"gene-FOXG_03928"	17.1481123164619	11.8239870141344	1.678733183016	7.0433986375914	1.87606491985656e-12	2.05706665688547e-11	0	0	0	45.2704350559139	32.1653719918636	28.9472136386149	25.0698725836507	1.85490479426951	1.83455941860806	38.8636991774467	32.158367469324	33.9091483007748	0	0
7dpi.up.csv	"1197"	"gene-FOXG_15839"	13.1131958530652	7.3754953257224	1.0490521215278	7.03062810166288	2.05605855632736e-12	2.24689239559884e-11	0	0	0	0	25.9860706603185	3.85131760202609	16.7072874717106	16.6762957917532	29.3782822486716	21.8986986302332	28.8189084184054	39.9042048449954	0.182010909493024	0.181665365305933
7dpi.up.csv	"1210"	"gene-FOXG_14504"	25.8239727187837	8.30627090644715	1.19007469298181	6.9796214938705	2.95976381082223e-12	3.1997248272203e-11	23.2227067129698	14.1552615869622	19.0488450450189	13.2950140596358	92.6459157242326	59.6990656536879	30.034349264587	9.25762152012407	40.3061225710859	8.46554715196719	21.9774972837861	29.3361015396724	0.0915699492418537	0
7dpi.up.csv	"1322"	"gene-FOXG_13239"	8.87868103078806	9.37039544426721	1.41863862945092	6.60520251580488	3.96974297092113e-11	3.92800361593187e-10	2.90697485262883	0	0	10.6599738323236	13.6185227670804	21.2114284530123	8.35964120711366	5.56420971207889	11.019836993013	14.1379768992398	25.4285918024839	11.3037222338693	0	0.0906556781892196
7dpi.up.csv	"1422"	"gene-FOXG_09571"	23.8021212204038	3.71533909027647	0.58385840575245	6.36342485381934	1.97303945265819e-10	1.81500204502263e-09	0	5.65981445870258	8.1658847562095	34.6310164224851	38.3636224724096	26.9598923595006	40.1002712766185	53.6176601560444	73.4530212433224	7.77105830717028	24.5837226761885	17.3179160825733	0.879564344384361	1.72625253004319
7dpi.up.csv	"1452"	"gene-FOXG_14599"	8.16118664467478	7.03345110801606	1.12311205651307	6.26246603553776	3.78936430321193e-10	3.41382055442943e-09	14.5219545844608	0	0	5.3143497998221	4.93780360086549	9.63557664188856	5.00407901736144	1.85166634288908	7.32090176056686	31.0289111931377	18.5697390228174	15.7954431155794	0.276187946058114	0
7dpi.up.csv	"1460"	"gene-FOXG_15829"	26.2943085256536	3.50865806333289	0.562649849897864	6.23595307804634	4.49035691470571e-10	4.02317526036064e-09	14.5141947731059	33.9535441792216	16.3287476465875	61.2548287005914	19.7956120025474	23.1044869136459	15.0341236712598	20.3789516997186	16.5224506023985	45.2028706905419	57.6276105578666	36.1339385778223	2.45693905711474	5.81202028672797
7dpi.up.csv	"1537"	"gene-FOXG_11757"	5.4247719614944	5.05010227174579	0.835421849552436	6.04497269786672	1.49435305097545e-09	1.27180431098307e-08	0	2.83047647160774	2.72197503003559	0	2.4739312238009	7.70353365740666	5.01091716415713	3.70544855032142	5.50565105595414	15.5368554829425	8.47061650091625	21.0781921140675	0.455841740870538	0.453368468841136
7dpi.up.csv	"1689"	"gene-FOXG_04146"	10.107148039314	3.22631519116436	0.566487720418604	5.69529589940677	1.23158136546415e-08	9.5383752762798e-08	3.03803214760373	8.37711511227959	13.4195159496446	8.34557972499682	18.2718921683275	13.2957548040546	11.5183826664463	9.68749755957997	12.6459818715644	15.4156952523435	14.1688754603312	10.3855571198831	1.11460726450993	1.81558544883143
7dpi.up.csv	"1775"	"gene-FOXG_14778"	5.83149016376288	6.42717855807793	1.17308842187931	5.47885260667857	4.28092776677695e-08	3.15486287984278e-07	11.6099404963334	5.66028901873515	2.72100104701896	5.32036416206312	14.8298027964988	5.77619815387089	1.66903791323579	3.70338159458045	9.16596225503718	5.64536682645157	10.1514547925903	5.26625598506236	0.121807251202371	0
7dpi.up.csv	"1998"	"gene-FOXG_18506"	14.1976912916987	3.8306075248942	0.758008041088979	5.05351832335581	4.33744682381235e-07	2.83974684195642e-06	5.80629936185175	0	0	13.318301577064	56.9210429538788	25.0323902659886	23.3896730946464	12.9700339035785	7.34452535849675	12.7150975220094	16.952360303018	21.8337418070143	0.758260122521003	1.72595181371456
7dpi.up.csv	"2057"	"gene-FOXG_10604"	24.6707152414481	2.9720002378801	0.597918831635606	4.97057473461774	6.67547238598559e-07	4.24510715999404e-06	14.5122440896581	2.82881174221846	16.3267505654333	5.32723719959089	23.5104225860853	13.4753272629673	28.3994156256439	9.26285578506423	16.5259461257459	41.6741481786737	61.035960366561	95.6041046195791	6.72578927230681	10.1809999607448
7dpi.up.csv	"2162"	"gene-FOXG_17421"	20.2637766517825	7.38636049955846	1.5529272983227	4.75641101005592	1.97065049223671e-06	1.19232558228253e-05	0	5.66394669377643	2.72164274769173	15.9491026473394	83.9736427550129	71.2695177587169	18.3511941831092	24.0694503282606	49.4450359331392	1.41066259482637	2.53436106321269	8.27373175981309	0.0305846600561776	0
7dpi.up.csv	"2180"	"gene-FOXG_11030"	5.95454643834586	7.08145641148933	1.50030605143922	4.72000789751945	2.35835486801623e-06	1.4151211022257e-05	0	2.82894841878869	2.72049419165744	13.3060106840886	0	3.84967846705899	23.3713954368286	7.40683961572039	12.8393639224876	4.94081937009566	6.77269484570247	5.26665681507358	0.060748369340107	0
7dpi.up.csv	"2198"	"gene-FOXG_06039"	7.66606848965329	7.72693065391132	1.64460456908988	4.69835168838633	2.62269536233535e-06	1.56013997429325e-05	23.2127952406652	8.48810967634247	0	18.6139285539867	19.7652948565244	5.7745031110011	0	5.55319139906027	0	11.2865433064134	2.53672428607472	12.0329619948026	0.0609064302752076	0
7dpi.up.csv	"2208"	"gene-FOXG_04884"	6.1985872831673	7.28845557717962	1.5547326018676	4.68791583094382	2.76001482785998e-06	1.63513378456687e-05	11.6085177355627	5.65868400877698	5.44144620565735	5.32214680718272	23.4882372406031	11.5502883420602	5.00811804400644	0	7.33614576333293	4.94075965939721	3.38589698761606	3.00958772426672	0.030393445879873	0
7dpi.up.csv	"2295"	"gene-FOXG_10929"	2.60140658556048	6.79516397012435	1.49445835423822	4.54690754737565	5.44398975868355e-06	3.10295555700826e-05	0	0	0	0	2.47335901924786	0	5.00951781011753	5.55630453681846	3.6697663135325	6.35424649350797	4.2347820706101	9.03064526387626	0.0910706901359718	0
7dpi.up.csv	"2372"	"gene-FOXG_11081"	20.9936404542252	2.27664900175638	0.51081687401706	4.45687900607674	8.31615086532847e-06	4.58615385621255e-05	23.2321476294198	2.83143109496469	16.3347833992561	23.9592985903244	25.971221295812	30.8218198776338	40.0839927820826	29.6450259326713	34.8583447983889	12.7107491063337	22.0138512382922	23.3366777331488	2.67897305870632	5.43264982211754
7dpi.up.csv	"2423"	"gene-FOXG_11735"	13.2709110795736	2.54129021058548	0.579775865673386	4.38322869413315	1.16933247651926e-05	6.31285106287597e-05	5.80514131164503	0	2.7212285950465	15.9809683322907	43.306713000173	17.326348624487	0	0	0	28.2530002410767	29.6672745549785	32.3698649475982	4.81898652419414	5.54322898254084
7dpi.up.csv	"2508"	"gene-FOXG_10185"	5.23436367100376	9.03346405218549	2.10332726526503	4.29484474497468	1.74815631948891e-05	9.11787592313973e-05	0	5.66629203251622	0	5.32436115227604	39.5759775705116	3.8546879614544	0	3.70669369873124	0	2.82497282594436	2.53941644981661	9.78868970280208	0	0
7dpi.up.csv	"2526"	"gene-FOXG_16909"	15.9690581786347	7.28550150838591	1.7058563039216	4.27087644582797	1.94706261654334e-05	0.00010084743778126	11.6160464488845	2.83154885229572	2.72244233075224	31.9416682692819	8.65598787751335	17.3375163677964	31.7302887017609	46.3180791085617	66.0367324422328	2.11825790934905	0	2.25824619245692	0	0
7dpi.up.csv	"2732"	"gene-FOXG_04992"	9.78232075439709	3.83318922344753	0.95179329990406	4.02733369086955	5.64129432285401e-05	0.000270108971585847	0	5.66186867739605	19.0560786014612	7.98813974106502	27.2136507966867	23.1137792488362	18.3742021095171	3.705752712921	9.17593247399487	9.18125597795293	3.38806517907534	9.0341430492087	0.334468903403819	0.725153090040342
7dpi.up.csv	"2789"	"gene-FOXG_05597"	4.19213945898507	8.51251209799513	2.14425740903402	3.96991147710665	7.18993394772712e-05	0.000337223112119822	0	0	2.72407762760816	5.32506522391879	19.7906137700567	3.85532772974049	3.34127892424971	12.9753855546369	0	0.706342105593008	8.46568694588541	1.50617454410191	0	0
7dpi.up.csv	"3039"	"gene-FOXG_17608"	3.7864925434521	6.28842582394092	1.68449353244746	3.73312553762331	0.000189118274939985	0.000814036246952926	0	0	8.16304298602423	0	1.23579624150611	5.77624962239728	13.352165796644	7.40674329696537	7.33259881030104	1.41132612771451	6.7674265331914	1.50463671682789	0.0609094767575405	0
7dpi.up.csv	"3090"	"gene-FOXG_12895"	5.5217231926404	3.45081197685306	0.933878334723057	3.69514084281268	0.000219764931842702	0.00093033821146744	2.90279390717247	0	0	5.32792828505952	1.23755099634518	7.70109161743801	5.01229576570953	0	5.50937968694407	12.7157602161062	14.4132333305305	19.5749236382536	0.727168057304994	2.18199919610155
7dpi.up.csv	"3204"	"gene-FOXG_21903"	2.85078567013203	5.1075294608564	1.4250688454137	3.58405804554213	0.000338296852974195	0.00138116764474265	0	0	0	0	0	0	1.94707186712161	0	0	7.81729445755082	15.3931884801185	14.0138804439384	0.219442563948139	0.520121569170902
7dpi.up.csv	"3305"	"gene-FOXG_15742"	17.9356350102842	5.02894059112438	1.44095435709222	3.4900068599484	0.000483008148308615	0.0019117184835174	8.72432879149744	0	0	10.6424727410719	166.866788902676	30.8732611693071	8.35090132742828	5.56214368421565	12.8282340558637	0.706113508534205	3.38072314599909	3.01253060526606	0.0614499154666526	0.0899422966529678
7dpi.up.csv	"3552"	"gene-FOXG_10186"	2.38694940405088	8.91821464997875	2.72105427044369	3.27748503469744	0.00104736282404942	0.00385713769746353	0	0	0	0	13.5995097218634	5.79849659902448	0	0	0	1.41299108922367	5.06820137041739	7.53809287618348	0	0
7dpi.up.csv	"3563"	"gene-FOXG_17727"	3.10126032275435	6.5181233372382	1.9923869731492	3.27151473337308	0.00106973014527316	0.00392734774917715	0	0	0	0	8.65394559308454	0	18.3646377024997	1.85202253148755	3.66808739655889	2.82351492999616	4.2321879014626	3.76241691697465	0.0608315464968759	0
7dpi.up.csv	"3667"	"gene-FOXG_14550"	3.19819136483018	5.05696377948663	1.58290425266288	3.19473762925296	0.00139958013018132	0.004993532736343	0	0	2.72213718808314	0	4.94876766105344	1.9259538547551	3.34110007539092	14.8233175812686	1.83562206055199	1.41265397717409	12.7092894386276	0.752880833265738	0.121501951338672	0.181454486113135
7dpi.up.csv	"3771"	"gene-FOXG_04098"	2.04074007636343	4.25748582471036	1.36766436940585	3.11296098659054	0.00185220500293946	0.00642500494390112	2.90420829252871	2.83153918548194	0	0	6.18449946824207	0	3.34073336909136	1.85298883703209	1.83495025524298	2.82495673374745	4.23423639886777	2.25862038535321	0.213049441349625	0.0905787021508182
7dpi.up.csv	"3940"	"gene-FOXG_08721"	10.6687327877154	2.97185403262535	0.995555910135887	2.98512017493795	0.00283466934048241	0.00940885806720387	26.1189295769533	2.82823624088951	2.72083025656668	21.3115306551519	19.8005823966286	3.84951419896994	18.3770207081806	1.85251706047193	18.3655969105756	12.0085050397627	12.7192330095198	6.77507573357979	1.8158615984501	0.81882564231522
